Data Otwarcie Najwyzszy Najnizszy Zamkniecie Wolumen
2020-03-04 77.6 80.55 76 76.7 195028
2020-03-05 78.5 79.3 73.1 74.4 174558
2020-03-06 72.9 74.55 70 72.3 261544
2020-03-09 68.35 70.3 63 64 310454
2020-03-10 65 66.05 62.15 63 330576
2020-03-11 63.2 63.7 53.15 54.05 318462
2020-03-12 47.4 50 42.66 42.66 300273
2020-03-13 40.5 43.8 36.46 37.98 1477692
2020-03-16 35 35 28.36 29 1626928
2020-03-17 30.98 33.22 26.1 26.6 2272127
2020-03-18 26.84 28.6 24.3 24.98 2855052
2020-03-19 26 29.78 25.4 29.6 2128518
2020-03-20 32.22 38.6 30.5 32.68 3203805
2020-03-23 31.98 33.6 28 29.7 1338313
2020-03-24 32.38 32.6 28 29.06 1447922
2020-03-25 30 30.4 27.54 28.6 931329
2020-03-26 28 29.36 27.42 29.36 735721
2020-03-27 29.2 30 28.6 29.8 459824
2020-03-30 29.5 30.74 28.94 29.78 623112
2020-03-31 30.1 30.46 29.42 29.98 451583
2020-04-01 30.24 31.92 29.9 30.76 948451
2020-04-02 29.98 30.69 28.44 29.13 1230650
2020-04-03 29.09 29.19 28 28.9 639187
2020-04-06 29.7 33.73 29.66 33.19 1617767
2020-04-07 35.4 37.4 33.2 33.2 1850389
2020-04-08 33.5 33.64 31.5 33.28 521253
2020-04-09 34.5 36.57 34.02 35.4 1164977
2020-04-14 40.2 47 38.25 47 1601526
2020-04-15 54 56.8 45 46.56 3813196
2020-04-16 47 48.7 42.3 43.85 1416671
2020-04-17 46.5 48.7 44.6 46.3 1214828
2020-04-20 47 48.19 43.67 46.23 830649
2020-04-21 45.8 45.8 42.5 42.5 789453
2020-04-22 42.25 44.4 39.57 44.29 747048
2020-04-23 45.2 46.73 43.6 45.5 530928
2020-04-24 45 45.73 43.5 43.8 623163
2020-04-27 44 44.79 41 41.8 766179
2020-04-28 41.97 41.97 37.78 38.7 1264558
2020-04-29 38.77 48 38.52 46.5 4376233
2020-04-30 48 55.4 47.85 51.82 4254888
2020-05-04 52.38 52.5 47.5 48.6 1755729
2020-05-05 49.2 49.85 44.62 46.85 1589683
2020-05-06 47 47.37 44.5 44.57 842664
2020-05-07 44.5 45.45 42.43 43.7 759895
2020-05-08 44.2 44.39 41.27 41.65 1023852
2020-05-11 41.86 43.11 40.5 40.66 1055007
2020-05-12 40.42 40.9 39.25 40.2 1166600
2020-05-13 40.15 45.8 39.47 43.42 2218013
2020-05-14 42.9 45.68 40.2 42 1592159
2020-05-15 43.9 44.4 42.58 43.5 864238
2020-05-18 44.02 44.89 43.67 43.85 376692
2020-05-19 44.3 44.58 42.65 43.8 471647
2020-05-20 43.8 44.58 43.06 43.45 377165
2020-05-21 43.6 44.67 43.26 44.18 397764
2020-05-22 43.82 44.4 43.6 43.7 311496
2020-05-25 43.87 44.75 43.65 44.35 259317
2020-05-26 44.8 49 44.8 48.99 1144293
2020-05-27 51 52.54 47.7 48.59 1397538
2020-05-28 49.62 50.98 48.66 50.5 991359
2020-05-29 50.5 50.9 48.41 48.41 3287872
2020-06-01 49.28 49.9 48.3 49.9 497035
2020-06-02 50 56.68 49.7 56.4 2262524
2020-06-03 56.64 63 56.64 61.5 2605035
2020-06-04 65 71.5 62.52 70 2342402
2020-06-05 72.3 77.44 65.12 71.3 3352437
2020-06-08 73 73.5 66.02 69.5 1400395
2020-06-09 69.48 69.48 66.1 67.96 724012
2020-06-10 67.08 69.02 66.2 66.44 569940
2020-06-12 62.04 66 61.02 65.42 815606
2020-06-15 63.64 63.68 59.12 60.7 896741
2020-06-16 62.96 67.98 62.94 67.36 984895
2020-06-17 68.5 70.6 63.74 64 952269
2020-06-18 64.5 66.56 62.1 64.02 508476
2020-06-19 64.12 65.56 63.08 65.56 430319
2020-06-22 65.9 66.9 63.82 65 385564
2020-06-23 66 68 65.04 66 464725
2020-06-24 66 66.84 63.58 63.82 415744
2020-06-25 63.56 63.96 61.3 63.46 336876
2020-06-26 63.98 64.16 60.92 61 294924
2020-06-29 60.6 61.92 59.66 60.62 268275
2020-06-30 61 61.54 58.28 59.68 342427
2020-07-01 59.64 59.66 56.28 59 479459
2020-07-02 62 65.68 62 63.5 790278
2020-07-03 64 64.44 61.38 63 216388
2020-07-06 64 64.8 62.82 63.56 223030
2020-07-07 63.04 63.92 60.5 61.5 371715
2020-07-08 61.5 61.6 59.92 60.52 280225
2020-07-09 60.58 61.9 60.54 61.2 243865
2020-07-10 60.5 60.82 59.64 60.82 189557
2020-07-13 61.26 62.3 61.04 61.88 193944
2020-07-14 61.5 61.6 60.02 60.7 203409
2020-07-15 61.08 61.46 60.32 61.3 193348
2020-07-16 61.22 61.38 60.14 60.3 187051
2020-07-17 60.3 63.3 59.7 63 391245
2020-07-20 62.52 63.56 61.4 63.5 249410
2020-07-21 64.02 66.36 63.8 64.58 495169
2020-07-22 65 65.1 62.94 63.7 156646
2020-07-23 63.7 63.76 62.2 62.64 155031
2020-07-24 61.8 62 60.34 60.8 230489
2020-07-27 60.2 60.84 59.82 60.38 217112
2020-07-28 60 62.32 59.1 61.52 252692
2020-07-29 61.8 62.3 60.32 61.88 147227
2020-07-30 61.18 62 53.2 54.22 553728
2020-07-31 54.38 58.3 54.3 55.46 368410
2020-08-03 56.34 59.18 55.54 58.86 216746
2020-08-04 59.98 60.88 55.5 56.52 264346
2020-08-05 56.76 58.06 55.8 57.88 213120
2020-08-06 57.88 57.88 55.46 56.4 211065
2020-08-07 56.1 56.14 54.7 56 207913
2020-08-10 56 57.88 55.76 57.48 123079
2020-08-11 57.8 61.3 57.6 59.28 354406
2020-08-12 61 61.1 58.8 60.4 146723
2020-08-13 60.44 62.22 59.84 59.84 220311
2020-08-14 59.72 60 57.9 59.24 138616
2020-08-17 59.8 60.68 59.08 60.06 122780
2020-08-18 60 60.4 58.8 59.08 89356
2020-08-19 59 59.62 57.92 58.28 81734
2020-08-20 57.92 59.48 57.22 58.04 86196
2020-08-21 58 58.42 57.04 57.22 127482
2020-08-24 58.06 58.28 57.4 57.8 51034
2020-08-25 58.5 58.62 55.7 55.94 169348
2020-08-26 55.98 56.44 55.16 56.04 109744
2020-08-27 56.06 57.28 55.66 56.76 79683
2020-08-28 56.76 57.66 56.34 56.84 77300
2020-08-31 56.84 57.66 56.5 57.54 142303
2020-09-01 57.5 57.5 54.42 55.08 171988
2020-09-02 55.38 55.54 54.52 54.62 87608
2020-09-03 55 56.26 54.6 55.08 132845
2020-09-04 54.02 54.94 53.7 53.82 158846
2020-09-07 53.82 55.18 53.5 54.84 89254
2020-09-08 55 55.3 50.48 51.26 288096
2020-09-09 50.1 52.74 50 52 188653
2020-09-10 52.2 52.86 51.04 52.2 108031
2020-09-11 52.4 53.86 51.56 52.82 153324
2020-09-14 53.42 54.16 51.8 52.1 148766
2020-09-15 51.88 53.24 51.88 52.36 110003
2020-09-16 52.2 52.5 50.12 50.5 228317
2020-09-17 50.1 50.98 49.11 49.75 177169
2020-09-18 49.75 52 49.75 52 307847
2020-09-21 51.14 51.68 48.9 49.42 193350
2020-09-22 48.55 48.55 45.75 46.71 327649
2020-09-23 46.77 48.65 46.24 47.25 129921
2020-09-24 46.3 46.5 45.12 45.2 258137
2020-09-25 45.22 45.83 43.96 44.04 289349
2020-09-28 44.5 46.1 43.52 45.8 338637
2020-09-29 45.85 46.98 45.3 46.3 151310
2020-09-30 45.5 47.3 45.38 47.2 184073
2020-10-01 46.04 57.96 46.01 55.34 1471748
2020-10-02 55.04 57.4 53.12 56.54 761297
2020-10-05 57.26 58.58 54.76 55 243546
2020-10-06 55.3 56 52.34 52.7 233712
2020-10-07 52.7 53.06 49.31 50.8 358237
2020-10-08 51.3 51.68 46.56 46.8 584907
2020-10-09 46.96 46.97 43.86 45.7 566163
2020-10-12 45.2 46 44.25 45.51 298505
2020-10-13 45 47.52 45 47 259101
2020-10-14 47.48 48.98 46.6 47.8 441237
2020-10-15 47.2 47.42 43.75 44.51 559785
2020-10-16 43.66 45 42.06 44.31 468740
2020-10-19 44.31 45.5 42.16 42.31 291415
2020-10-20 42.3 44.1 41.5 43.21 324434
2020-10-21 44 44 41.7 42.15 214814
2020-10-22 41.5 42 41 41.41 175707
2020-10-23 41.05 41.46 40.23 40.61 311017
2020-10-26 40.5 40.5 38.38 38.38 275015
2020-10-27 38.38 39.89 38.38 39.51 291066
2020-10-28 38.69 39.1 35.97 37.61 552520
2020-10-29 37.16 38 36.1 37.56 422595
2020-10-30 36.3 39.56 36.3 38.75 349241
2020-11-02 39.3 39.7 38 38.8 161966
2020-11-03 38.96 44 38.96 42.86 583146
2020-11-04 42.01 42.66 38.78 41.78 697717
2020-11-05 41.5 44.77 41.35 44.07 341699
2020-11-06 44.5 45.85 42.53 45.4 406829
2020-11-09 44.8 55.6 44.6 54.18 1138245
2020-11-10 53.7 55.5 50.74 53.5 584410
2020-11-12 53.4 54 50.48 51.6 448039
2020-11-13 50.6 53.68 50.5 52.3 256980
2020-11-16 52.9 56.88 52.9 56.6 376573
2020-11-17 56.6 56.8 53.8 54.36 565746
2020-11-18 54.3 57.46 54 57.4 480303
2020-11-19 57.36 57.5 55.56 57.4 163094
2020-11-20 57.4 58.8 56.94 58.72 311874
2020-11-23 61 63.62 59.08 59.4 543790
2020-11-24 60.16 61.52 59.4 60.1 187392
2020-11-25 60.7 62.9 60.04 62.7 284963
2020-11-26 62.72 62.9 61.66 62.9 237324
2020-11-27 62.9 62.9 61.4 62.7 150847
2020-11-30 62.54 62.9 61.24 62.4 224845
2020-12-01 62.8 63.56 62.3 62.6 223674
2020-12-02 62.86 63.56 61.6 63.22 194389
2020-12-03 63.44 65.66 62.84 65.52 277386
2020-12-04 65.66 69.52 65.34 69.1 694955
2020-12-07 69.52 71.8 66.74 71.38 508477
2020-12-08 71.5 72.88 71 72.76 458066
2020-12-09 72.8 78 72.8 78 1047801
2020-12-10 78 78.2 73 74.54 628108
2020-12-11 74.9 76.9 70.46 72 609742
2020-12-14 71.52 73.26 65.18 70.14 553730
2020-12-15 70.14 74.5 69.5 71.86 410247
2020-12-16 72.2 79.42 72.2 79 1172662
2020-12-17 79.66 84.58 74.6 79.4 1395075
2020-12-18 77.2 82.8 74 79.66 701558
2020-12-21 77 78 73.76 75.42 399192
2020-12-22 76.5 80 76.02 80 263252
2020-12-23 80.5 82.2 75 78.02 369982
2020-12-28 79 83.94 78.8 83.94 392129
2020-12-29 85 89.78 85 86.8 441449
2020-12-30 87.5 88.9 86.18 87.52 238285
2021-01-04 88.06 89.2 84.7 85.08 334855
2021-01-05 84.74 87.18 83.5 84 230285
2021-01-07 83.8 87.9 83.5 87.48 258609
2021-01-08 88.2 90.4 85.28 85.9 480322
2021-01-11 86.26 87.8 85.98 87.3 300451
2021-01-12 87 88 80.8 81.58 588755
2021-01-13 81.8 82.88 76.8 77.2 513289
2021-01-14 77.36 82.3 77.3 82.3 342332
2021-01-15 81.9 84 79.44 80.84 333984
2021-01-18 80.9 82.2 77.7 81.4 205561
2021-01-19 82 82.98 79.12 80.22 140129
2021-01-20 80 84.4 79.22 83.14 221682
2021-01-21 83.9 84.78 82.14 82.9 190877
2021-01-22 82.04 85.12 80.84 84.26 150919
2021-01-25 84.5 85.5 80.1 81.5 287375
2021-01-26 81.2 83.7 79.18 81.7 443125
2021-01-27 82 82.38 78.3 79.98 236768
2021-01-28 80 83.8 78.74 82.84 463199
2021-01-29 83 83.4 80.5 82.7 183110
2021-02-01 82.7 87.3 82.36 85.7 361693
2021-02-02 85.6 87.5 81.74 86.56 359749
2021-02-03 86.8 90.3 86.6 88.06 387770
2021-02-04 88.26 94.2 87.3 90.94 451418
2021-02-05 92.1 94.2 90.8 93.4 227225
2021-02-08 93.5 98.98 93.5 98.86 386031
2021-02-09 99 106.45 96.08 101.9 649146
2021-02-10 102 104.5 100.15 101 182910
2021-02-11 101.2 102.6 97.9 101.2 248163
2021-02-12 99.88 100.4 96.82 98.5 215697
2021-02-15 98.86 101.7 98.66 99.9 149795
2021-02-16 101 105.95 100.25 104.95 406722
2021-02-17 105.45 110.7 102.6 104.25 550655
2021-02-18 104 106.9 100.55 101 247644
2021-02-19 101.5 103 98.24 102.2 262173
2021-02-22 101.55 101.55 96 97.04 294274
2021-02-23 97 98.98 93.1 95.82 349479
2021-02-24 95.92 99.5 95.02 97 181028
2021-02-25 98.02 99.9 95.26 96.5 210593
2021-02-26 94.5 95.94 92.4 95.08 210950
2021-03-01 96.7 98 95.12 97.88 111500
2021-03-02 97.88 98 96 96 116146
2021-03-03 96 96.78 93.18 93.94 184933
