Data Otwarcie Najwyzszy Najnizszy Zamkniecie Wolumen
2019-02-27 184.34 184.34 179.35 180.35 96007
2019-02-28 179.35 185.43 179.35 182.84 141555
2019-03-01 182.54 186.93 181.05 185.33 109662
2019-03-04 187.32 192.31 186.43 187.32 110680
2019-03-05 188.72 189.22 185.33 187.22 87639
2019-03-06 188.32 188.32 186.93 187.32 62232
2019-03-07 187.32 191.31 187.32 189.91 84611
2019-03-08 188.72 191.31 187.52 190.31 44427
2019-03-11 191.31 192.31 190.31 191.81 91084
2019-03-12 192.31 192.7 188.82 191.11 75521
2019-03-13 191.81 192.51 190.91 191.61 38303
2019-03-14 188.12 190.11 179.35 189.02 86009
2019-03-15 189.32 202.47 188.52 202.47 400123
2019-03-18 202.47 213.83 202.47 212.63 238993
2019-03-19 213.63 214.83 211.24 213.23 68783
2019-03-20 211.64 213.03 208.85 211.84 93396
2019-03-21 211.44 214.43 209.05 212.23 92247
2019-03-22 212.23 212.23 207.25 208.25 91639
2019-03-25 207.65 211.24 207.25 209.25 124244
2019-03-26 208.25 209.44 205.66 209.25 97420
2019-03-27 209.84 211.64 207.85 210.24 96826
2019-03-28 208.85 212.83 208.25 212.83 114068
2019-03-29 215.82 215.82 211.44 214.43 159830
2019-04-01 215.62 217.61 214.43 216.22 85433
2019-04-02 224.19 247.11 223.39 247.11 495479
2019-04-03 249.1 257.87 235.15 237.54 362917
2019-04-04 238.14 239.14 228.18 228.97 136423
2019-04-05 231.37 234.16 226.18 226.18 105785
2019-04-08 226.18 236.35 226.18 233.36 101784
2019-04-09 235.15 236.55 230.57 231.17 65422
2019-04-10 230.17 234.95 230.17 234.55 73268
2019-04-11 235.95 243.92 235.15 237.74 99170
2019-04-12 237.14 241.93 231.56 234.55 70922
2019-04-15 234.95 236.15 228.38 229.57 47698
2019-04-16 229.57 234.75 224.39 226.18 89767
2019-04-17 227.38 235.55 227.38 232.96 58307
2019-04-18 232.96 235.15 227.98 232.16 45555
2019-04-23 234.16 237.94 227.38 229.17 39581
2019-04-24 228.58 229.17 220.4 222.2 97143
2019-04-25 219.61 230.97 219.61 229.37 162169
2019-04-26 230.17 233.16 227.58 230.17 63557
2019-04-29 213.43 216.22 199.48 205.66 367829
2019-04-30 206.46 210.04 205.06 206.65 140867
2019-05-02 206.65 207.65 203.67 203.67 44572
2019-05-06 202.07 204.66 190.91 193.3 199378
2019-05-07 194.3 196.19 185.33 185.53 118861
2019-05-08 187.32 191.81 187.32 189.32 129595
2019-05-09 190.11 191.11 184.34 186.33 123620
2019-05-10 189.32 191.01 185.13 186.83 57138
2019-05-13 187.92 187.92 178.26 181.94 105446
2019-05-14 181.84 184.53 178.16 178.16 111757
2019-05-15 179.45 183.14 175.87 178.16 105209
2019-05-16 177.36 181.45 163.11 164.81 245519
2019-05-17 165.2 166.2 157.03 165.2 152372
2019-05-20 164.41 168.39 156.54 159.13 113312
2019-05-21 160.62 162.41 157.83 160.42 93176
2019-05-22 160.02 167.79 159.42 165.2 123391
2019-05-23 166.4 167.2 159.92 161.12 101858
2019-05-24 161.42 163.11 155.24 158.73 119259
2019-05-27 158.73 159.03 151.55 151.95 111421
2019-05-28 152.75 154.24 147.57 147.57 322326
2019-05-29 147.57 150.46 146.07 147.97 133159
2019-05-30 149.56 158.73 149.56 157.13 243388
2019-05-31 156.04 158.33 153.55 156.14 189074
2019-06-03 156.44 156.93 152.35 153.35 96063
2019-06-04 151.65 152.25 146.27 148.46 374123
2019-06-05 150.16 154.34 147.47 153.25 128472
2019-06-06 153.25 156.63 149.56 149.96 95680
2019-06-07 151.45 152.85 150.06 151.95 58051
2019-06-10 151.45 154.74 151.15 152.75 60357
2019-06-11 153.15 154.34 150.56 150.56 65291
2019-06-12 151.15 152.25 147.07 148.66 101724
2019-06-13 149.76 154.74 147.57 153.45 117093
2019-06-14 154.44 156.63 150.66 150.86 123936
2019-06-17 151.95 152.45 150.96 151.35 49219
2019-06-18 151.75 154.44 149.66 153.75 113511
2019-06-19 154.14 159.03 151.75 158.43 113149
2019-06-21 159.33 164.31 158.93 161.62 304385
2019-06-24 161.92 166.3 161.92 163.91 93876
2019-06-25 164.41 164.91 158.53 160.82 96781
2019-06-26 161.32 167.6 158.73 167.6 174267
2019-06-27 167.6 173.87 166.1 167.1 114181
2019-06-28 167.4 170.48 164.11 167.99 65664
2019-07-01 170.39 174.87 170.29 174.37 146695
2019-07-02 178.76 178.85 161.52 165.8 333921
2019-07-03 165.9 165.9 160.12 161.82 164963
2019-07-04 161.82 165.8 160.62 165.1 127919
2019-07-05 165.5 165.5 161.72 162.21 57435
2019-07-08 163.01 163.61 153.45 154.44 199254
2019-07-09 153.35 153.35 146.67 150.46 305920
2019-07-10 150.66 157.93 149.76 153.15 153501
2019-07-11 155.84 155.94 150.46 151.65 81613
2019-07-12 152.15 153.45 151.75 152.95 37496
2019-07-15 153.45 154.24 151.95 153.45 70144
2019-07-16 154.44 155.44 152.85 153.35 50538
2019-07-17 153.85 155.74 149.66 151.45 54306
2019-07-18 151.15 152.75 148.17 150.66 73789
2019-07-19 151.95 154.94 150.46 154.04 67309
2019-07-22 154.74 156.93 152.05 155.14 45636
2019-07-23 156.73 157.43 153.55 153.65 39307
2019-07-24 154.44 156.63 153.85 156.44 228697
2019-07-25 156.44 158.23 154.04 155.64 60895
2019-07-26 154.64 155.24 153.55 154.44 52471
2019-07-29 154.44 154.44 149.46 149.76 70821
2019-07-30 149.76 151.25 146.47 146.87 104637
2019-07-31 147.47 151.25 146.07 149.46 149466
2019-08-01 149.76 149.76 143.08 144.28 140063
2019-08-02 144.48 144.48 130.53 136.61 189688
2019-08-05 136.21 137.3 130.03 130.23 147989
2019-08-06 129.53 133.52 126.05 127.54 152905
2019-08-07 128.14 132.52 127.84 131.53 155427
2019-08-08 133.52 137.5 131.23 132.32 90825
2019-08-09 132.52 133.42 128.04 130.53 54247
2019-08-12 131.53 131.53 123.95 130.43 97922
2019-08-13 128.54 137.4 127.54 135.51 93404
2019-08-14 135.01 135.41 128.24 129.33 94659
2019-08-16 129.13 129.93 122.86 124.15 110032
2019-08-19 125.25 128.14 124.25 127.44 71595
2019-08-20 139.5 146.97 131.53 132.52 636845
2019-08-21 132.52 135.51 130.73 131.63 116402
2019-08-22 131.72 133.22 128.64 130.23 94473
2019-08-23 130.53 132.62 126.74 129.43 63675
2019-08-26 127.74 128.64 126.54 127.54 58440
2019-08-27 128.64 129.03 123.35 126.24 178812
2019-08-28 126.24 127.84 121.66 122.76 106427
2019-08-29 122.56 124.65 121.16 121.56 99134
2019-08-30 121.66 125.55 121.66 122.86 227751
2019-09-02 124.35 126.34 122.86 124.15 110867
2019-09-03 124.55 127.94 120.96 126.05 152702
2019-09-04 122.76 134.51 122.36 131.43 371090
2019-09-05 131.92 135.41 131.63 132.02 151154
2019-09-06 133.32 139 131.72 137.01 164295
2019-09-09 138.4 144.28 137.7 143.48 139051
2019-09-10 144.48 144.78 141.09 143.38 73545
2019-09-11 143.28 144.38 142.69 143.48 155411
2019-09-12 143.78 143.98 138.2 141.19 142450
2019-09-13 140.49 141.79 137.01 138.6 133987
2019-09-16 137.6 138.6 128.2 132.7 344318
2019-09-17 132 132.8 130.6 131.4 170472
2019-09-18 131 135.2 129.8 130.2 292006
2019-09-19 130.2 131.2 126.5 127.5 160659
2019-09-20 128.1 129.2 126 126.2 246702
2019-09-23 127 128.7 122.2 123.2 178545
2019-09-24 124.3 127.7 123.9 125.9 184778
2019-09-25 126 130.1 123.3 130 482183
2019-09-26 131 136.4 130 136.4 149279
2019-09-27 136.8 140.7 135.5 139.1 141788
2019-09-30 142.3 144 136.3 138.3 216944
2019-10-01 138.4 141.1 131.6 132.5 252597
2019-10-02 132.5 133.7 127.5 128.9 299257
2019-10-03 128.1 129.3 124 126.3 127413
2019-10-04 127 129.5 126.5 127.7 157532
2019-10-07 129.3 129.3 125.2 127.2 99123
2019-10-08 127.3 128.8 125.8 128 95149
2019-10-09 128 128.5 126.4 126.6 99765
2019-10-10 127 128.5 127 128 45342
2019-10-11 128.6 128.9 126.6 128 121108
2019-10-14 128 132.3 127.7 129.1 117614
2019-10-15 130 131.2 127.1 128.3 66672
2019-10-16 128 134.3 127.9 133 87271
2019-10-17 132.9 134.8 131.6 132 105206
2019-10-18 132 132.1 128.5 129 84043
2019-10-21 129.4 130.9 125.1 125.2 135160
2019-10-22 126.4 126.8 123.3 125.4 165132
2019-10-23 125.5 126.4 123.4 125.5 90183
2019-10-24 126.8 127.1 123.8 124.9 83192
2019-10-25 125.1 126.2 124.3 124.8 26016
2019-10-28 125.8 127.3 125 126.3 88343
2019-10-29 127.4 129 125.3 128.6 136823
2019-10-30 126 128.2 122.2 123 251599
2019-10-31 123.2 123.3 110.9 111.6 563654
2019-11-04 112.7 114.2 111.2 113.5 306600
2019-11-05 114 114.3 111.3 112.2 114612
2019-11-06 112.2 112.9 110.4 111.3 187029
2019-11-07 112.7 113.9 111.6 112.3 81244
2019-11-08 112.5 113 111.6 112 72167
2019-11-12 112 113.5 111.6 112 105172
2019-11-13 112 113.3 111.2 111.9 69881
2019-11-14 112.2 116.4 112 114.5 126123
2019-11-15 114.9 116.7 113.7 116.7 86293
2019-11-18 116.7 117.2 114.8 116 67985
2019-11-19 115.8 116.2 112.5 113 98544
2019-11-20 112.1 114.1 111.1 113.5 76753
2019-11-21 113.5 113.7 111.2 112.5 89790
2019-11-22 113.3 115.5 112.5 112.8 116929
2019-11-25 112.8 114.5 112.5 114.5 40549
2019-11-26 114 114 110.6 110.6 244691
2019-11-27 111.8 113.8 111 112.4 87204
2019-11-28 112.5 112.5 111.5 112.2 30893
2019-11-29 111.5 113.7 111.5 112.4 37425
2019-12-02 113 113.7 106.7 106.7 121457
2019-12-03 106.7 108.4 103.5 104.9 92859
2019-12-04 105.7 108.3 105 108.1 78881
2019-12-05 108.4 111.6 108.4 109.2 83096
2019-12-06 109.8 113.5 107.9 112.9 107252
2019-12-09 112.3 113.4 107.6 107.8 58628
2019-12-10 109 109.4 107.2 108 55808
2019-12-11 107.1 108.8 105.4 106 83916
2019-12-12 106 109.8 105.7 109.3 94851
2019-12-13 110 113.7 108.5 111.9 93580
2019-12-16 111.5 112.8 111 111.5 64650
2019-12-17 112 112 108.1 108.5 137069
2019-12-18 108.4 108.5 105.8 106.4 169362
2019-12-19 106.5 107.9 105.4 107.6 187270
2019-12-20 108 111 106.2 106.6 205033
2019-12-23 107 107.5 106.2 107.4 79856
2019-12-27 108.1 110.7 107.4 109.2 66187
2019-12-30 108.6 110.6 108.2 110 66137
2020-01-02 110 115.9 109.2 115.9 155242
2020-01-03 116 116 112.1 114 92002
2020-01-07 114.9 115.3 113 113.4 100034
2020-01-08 112.6 113.5 110.8 111.4 81951
2020-01-09 104 104 100.2 101.3 819686
2020-01-10 102.4 102.5 97.05 97.05 580466
2020-01-13 98 98.65 93.3 96.45 214045
2020-01-14 96.5 98.05 94.65 96.95 190036
2020-01-15 96.55 98.5 96.45 98.05 115663
2020-01-16 98.45 98.75 96.2 96.95 71646
2020-01-17 97 97.95 95.15 96.95 90215
2020-01-20 97 97.45 95.5 95.5 67608
2020-01-21 95.6 96.7 94.15 95.7 70479
2020-01-22 95.9 96.4 94.2 94.65 75471
2020-01-23 94.55 94.65 91.05 91.75 165556
2020-01-24 91.7 92.6 90.5 91.2 142323
2020-01-27 90.5 90.5 85.6 87.5 188533
2020-01-28 88 89.65 83.35 88 255621
2020-01-29 88 90.45 85.65 89.1 494614
2020-01-30 88.4 100.8 88.4 100 520148
2020-01-31 100 101.5 95.6 96.95 507962
2020-02-03 96.85 97.7 94.1 95.95 170233
2020-02-04 96.1 101.4 96.1 99.05 372356
2020-02-05 99.6 100.9 95.4 97.05 292272
2020-02-06 97.45 98.4 96.35 96.75 208229
2020-02-07 96.8 103.9 96 101.1 479262
2020-02-10 101.3 104.2 99.5 104 326126
2020-02-11 104 107.5 103.3 105.6 251594
2020-02-12 106.2 106.3 101.1 103.1 232430
2020-02-13 103.2 103.6 101.3 102.3 128805
2020-02-14 103 103 99.65 99.7 141801
2020-02-17 100 100.5 96.3 96.5 217331
2020-02-18 96 99.4 95.5 96.65 152831
2020-02-19 97.7 98.45 95.15 96 123764
2020-02-20 96 96.9 91.85 94 163741
2020-02-21 93.95 95.45 91.8 93.05 142058
2020-02-24 91.9 92.45 88.05 88.25 182837
2020-02-25 88 88 81.95 82.15 273462
2020-02-26 81.55 85.45 78.1 83.55 299845
2020-02-27 83.15 83.3 77.55 79 266933
2020-02-28 75 77.4 67.55 71.95 537781
2020-03-02 74.95 76.15 71 71.75 356232
2020-03-03 72.85 78.6 72.8 78.2 311972
