Data Otwarcie Najwyzszy Najnizszy Zamkniecie Wolumen
2019-02-27 100.11 100.59 97.268 97.411 613560
2019-02-28 97.929 98.451 95.894 96.604 1137358
2019-03-01 97.174 97.552 95.467 95.467 557942
2019-03-04 96.036 98.126 94.557 96.225 768731
2019-03-05 95.941 97.6 95.941 96.131 382117
2019-03-06 96.32 97.647 95.751 97.647 461383
2019-03-07 97.221 98.264 96.51 96.841 502041
2019-03-08 96.462 98.077 95.467 97.647 562755
2019-03-11 98.028 98.451 96.794 97.363 684203
2019-03-12 98.313 98.451 96.557 97.078 840475
2019-03-13 96.652 97.078 96.036 96.604 732392
2019-03-14 97.078 97.268 96.225 96.557 423945
2019-03-15 97.174 99.021 96.462 96.747 2485427
2019-03-18 97.552 98.077 96.036 96.036 475669
2019-03-19 96.557 97.174 96.178 96.7 396102
2019-03-20 96.225 96.652 94.519 95.751 643542
2019-03-21 96.178 96.178 94.766 95.988 535830
2019-03-22 95.894 96.51 94.803 94.803 640423
2019-03-25 94.329 94.946 93.002 93.097 528173
2019-03-26 93.476 94.197 93.002 93.969 436149
2019-03-27 94.576 94.576 91.959 93.116 567380
2019-03-28 93.04 93.476 92.793 93.343 587300
2019-03-29 93.76 94.14 92.528 92.566 798830
2019-04-01 93.76 94.946 92.585 94.746 507702
2019-04-02 95.04 95.988 93.856 94.31 516388
2019-04-03 95.42 98.647 94.708 98.165 688881
2019-04-04 97.929 98.401 96.036 96.036 723548
2019-04-05 96.273 97.88 93.077 93.077 636118
2019-04-08 93.57 94.519 92.926 94.083 694897
2019-04-09 94.14 95.751 93.684 94.993 856459
2019-04-10 95.324 96.841 94.898 96.747 617739
2019-04-11 96.415 96.747 95.087 95.277 683169
2019-04-12 95.609 96.604 95.183 96.415 411802
2019-04-15 96.083 96.083 94.633 95.277 656295
2019-04-16 95.514 96.32 94.993 96.32 697221
2019-04-17 96.367 98.126 96.036 97.552 639677
2019-04-18 96.984 97.315 95.704 95.894 559507
2019-04-23 96.131 97.174 96.036 96.32 389152
2019-04-24 96.32 96.652 95.561 96.083 746755
2019-04-25 95.561 95.941 93.192 95.561 853421
2019-04-26 95.277 95.373 93.476 94.064 609486
2019-04-29 94.614 94.993 93.192 94.273 459000
2019-04-30 94.31 94.462 92.793 92.832 862229
2019-05-02 93.286 93.856 92.376 92.756 432346
2019-05-06 91.959 92.414 90.898 91.789 767443
2019-05-07 92.319 92.319 88.489 88.489 663444
2019-05-08 88.395 88.735 85.797 86.574 992387
2019-05-09 86.271 86.574 82.782 83.123 1068080
2019-05-10 83.9 84.583 82.536 83.219 692295
2019-05-13 83.294 84.394 81.682 82.896 622275
2019-05-14 83.806 85.266 82.252 82.706 894993
2019-05-15 83.389 83.389 81.531 82.858 735761
2019-05-16 83.237 87.048 82.252 85.778 1075476
2019-05-17 85.626 88.717 85.38 88.054 883419
2019-05-20 88.641 88.925 86.745 87.465 874429
2019-05-21 87.257 88.262 87.067 87.825 1096880
2019-05-22 87.693 88.604 86.954 86.954 921254
2019-05-23 86.67 86.67 84.204 84.299 793714
2019-05-24 84.47 85.891 83.636 85.456 730139
2019-05-27 86.063 86.934 85.361 86.252 265001
2019-05-28 86.745 91.258 86.517 88.774 2508079
2019-05-29 87.882 89.892 87.408 89.779 1682357
2019-05-30 89.665 90.992 89.494 90.025 734907
2019-05-31 89.115 91.865 88.167 91.75 1064223
2019-06-03 91.959 92.243 90.575 91.58 472130
2019-06-04 91.959 92.016 89.968 90.348 747849
2019-06-05 90.822 91.713 89.096 89.589 871123
2019-06-06 89.096 89.874 87.882 87.94 846792
2019-06-07 87.617 88.546 84.659 85.494 1071695
2019-06-10 86.176 87.03 85.531 86.593 960959
2019-06-11 86.745 87.75 86.271 87.655 775384
2019-06-12 87.067 87.504 85.854 86.934 886038
2019-06-13 87.162 87.162 84.583 85.437 988168
2019-06-14 85.417 85.437 82.479 84.603 1150787
2019-06-17 85.02 85.114 84.375 84.963 633851
2019-06-18 84.944 86.423 83.73 86.024 1301427
2019-06-19 86.271 86.366 84.849 84.924 534745
2019-06-21 84.944 85.948 83.73 83.957 2158823
2019-06-24 84.867 86.214 84.375 85.778 1045498
2019-06-25 85.664 86.1 84.603 85.209 624676
2019-06-26 85.323 85.683 84.375 84.944 694964
2019-06-27 84.754 86.138 84.754 85.437 784654
2019-06-28 85.797 85.873 84.564 85.304 351270
2019-07-01 86.024 87.2 85.57 85.778 465883
2019-07-02 86.252 86.461 84.014 85.834 1015942
2019-07-03 85.873 91.258 85.417 90.973 2011676
2019-07-04 91.011 92.793 90.613 91.296 1294552
2019-07-05 91.125 91.561 90.177 90.726 405077
2019-07-08 89.684 91.333 89.418 90.538 807550
2019-07-09 89.911 90.538 88.072 88.451 955322
2019-07-10 88.755 90.538 88.338 88.982 1030757
2019-07-11 89.589 91.58 89.589 90.348 1216894
2019-07-12 91.011 92.472 89.874 92.282 847675
2019-07-15 91.959 93.779 90.556 91.333 900453
2019-07-16 91.656 93.059 90.726 91.58 538778
2019-07-17 91.182 91.485 90.594 91.011 1069449
2019-07-18 90.746 92.035 90.746 91.466 982070
2019-07-19 95.519 99.6 95.421 97.231 2474841
2019-07-22 97.585 97.821 96.345 97.191 535305
2019-07-23 97.683 98.136 96.522 97.565 1156112
2019-07-24 97.841 98.618 97.309 98.618 863845
2019-07-25 98.667 99.405 97.427 97.585 621188
2019-07-26 97.585 98.136 96.7 97.191 429592
2019-07-29 97.014 97.644 95.086 95.086 361240
2019-07-30 95.008 96.247 94.673 94.673 418291
2019-07-31 94.673 98.077 94.673 95.775 790852
2019-08-01 95.44 98.815 95.106 96.404 776616
2019-08-02 95.539 97.349 95.067 95.303 504143
2019-08-05 94.929 95.676 93.611 94.496 905636
2019-08-06 95.421 95.44 91.742 92.45 971644
2019-08-07 92.942 93.434 90.325 91.387 645605
2019-08-08 92.47 93.394 91.407 93.099 740601
2019-08-09 92.981 92.981 89.518 89.932 839843
2019-08-12 89.932 90.227 87.571 87.826 670459
2019-08-13 88.043 92.804 87.59 91.938 935194
2019-08-14 90.738 91.761 88.338 88.613 1019132
2019-08-16 90.01 91.348 86.607 87.079 846658
2019-08-19 88.613 89.951 87.256 88.653 405229
2019-08-20 88.397 88.633 86.862 87.866 774787
2019-08-21 87.551 89.971 87.551 88.377 478497
2019-08-22 88.535 89.243 87.649 88.043 418516
2019-08-23 88.476 89.617 86.882 88.377 642143
2019-08-26 87.551 88.987 86.075 88.397 570525
2019-08-27 88.456 88.771 84.501 87.177 2217893
2019-08-28 88.141 88.495 85.623 88.495 825380
2019-08-29 88.102 90.345 87.315 87.551 613301
2019-08-30 87.866 89.991 87.472 89.164 809757
2019-09-02 89.735 90.719 89.046 90.01 359139
2019-09-03 89.518 89.518 86.666 87.276 531505
2019-09-04 87.512 88.535 85.584 85.918 748428
2019-09-05 86.567 87.433 85.544 85.977 461676
2019-09-06 86.095 86.646 85.525 86.528 605914
2019-09-09 87.059 89.991 86.567 89.715 1390671
2019-09-10 89.814 93.198 89.223 92.961 1222680
2019-09-11 92.529 93.217 91.801 92.883 606647
2019-09-12 92.961 93.316 90.01 91.309 882969
2019-09-13 92.076 92.666 91.387 92.115 361386
2019-09-16 91.486 92.627 90.856 92.47 1509813
2019-09-17 92.47 93.65 89.027 90.207 1401117
2019-09-18 90.738 92.214 90.719 92.056 860804
2019-09-19 91.112 93.276 91.112 93.06 675358
2019-09-20 92.509 95.224 92.45 95.224 1983668
2019-09-23 94.594 95.696 93.945 95.224 615891
2019-09-24 95.716 98.273 94.83 97.113 644852
2019-09-25 96.601 96.621 94.929 96.286 905927
2019-09-26 96.444 97.742 95.617 96.778 634834
2019-09-27 96.896 97.546 95.814 96.267 309804
2019-09-30 96.936 97.565 95.913 97.093 565271
2019-10-01 97.506 98.214 95.932 96.955 407076
2019-10-02 96.031 96.759 95.027 96.188 715694
2019-10-03 95.263 98.667 95.263 97.978 920114
2019-10-04 98.175 101.03 98.175 100.24 996749
2019-10-07 100.34 100.34 98.519 99.159 380954
2019-10-08 99.06 100.88 98.716 100.88 619776
2019-10-09 101.13 101.77 99.85 101.32 511210
2019-10-10 101.13 101.18 98.913 100.29 401504
2019-10-11 100 100.83 99.011 100 344465
2019-10-14 100.29 100.29 99.11 99.454 866762
2019-10-15 100.19 100.24 98.864 99.75 480601
2019-10-16 99.356 101.47 99.208 100.39 504362
2019-10-17 101.13 101.22 99.405 100.88 336007
2019-10-18 100.54 103.14 100.09 102.8 645074
2019-10-21 102.6 105.45 102.01 104.62 1104303
2019-10-22 104.67 106.14 103.83 106.09 831415
2019-10-23 105.26 106.73 105.01 106.24 900938
2019-10-24 104.77 105.6 100.88 102.26 1032848
2019-10-25 101.91 102.7 101.03 101.18 499254
2019-10-28 101.67 104.37 101.67 103.88 463626
2019-10-29 103.88 104.86 103.09 104.77 780201
2019-10-30 104.37 104.77 103 104.47 457550
2019-10-31 105.06 105.06 101.42 102.7 826886
2019-11-04 103.88 106.59 102.95 106.59 736942
2019-11-05 106.19 107.27 105.5 107.27 570330
2019-11-06 106.14 107.23 105.26 105.75 453966
2019-11-07 106.54 106.88 103.59 104.13 644447
2019-11-08 103.63 104.62 103.19 103.78 730355
2019-11-12 104.08 104.18 99.208 100.39 1140120
2019-11-13 100.73 101.08 99.159 100.78 632802
2019-11-14 100.63 101.32 99.405 100.39 547136
2019-11-15 100.24 102.16 99.8 100.63 687445
2019-11-18 100.59 101.32 98.962 99.9 521297
2019-11-19 99.306 99.8 95.44 95.657 1124789
2019-11-20 95.421 95.598 91.565 95.224 1588244
2019-11-21 94.437 94.437 92.273 92.607 771934
2019-11-22 92.509 93.945 92.273 92.666 671036
2019-11-25 92.588 94.181 92.352 92.666 946842
2019-11-26 92.863 93.001 91.663 91.919 1739453
2019-11-27 92.096 92.509 90.758 91.486 673773
2019-11-28 91.486 91.722 90.541 90.856 354866
2019-11-29 90.856 91.387 90.679 91.387 520039
2019-12-02 92.096 92.096 88.731 89.991 936128
2019-12-03 89.538 89.892 87.748 87.807 660528
2019-12-04 88.456 89.459 86.41 87.059 621250
2019-12-05 87.079 87.964 85.741 86.213 777604
2019-12-06 78.599 82.259 76.337 80.783 3551424
2019-12-09 80.96 81.255 79.189 80.449 936459
2019-12-10 80.547 80.567 78.206 79.662 1250671
2019-12-11 80.035 81.255 79.406 80.252 718277
2019-12-12 80.665 82.632 80.134 82.593 1233443
2019-12-13 83.242 84.58 82.691 84.265 1163470
2019-12-16 84.403 84.403 82.259 82.298 784107
2019-12-17 82.337 83.537 81.904 83.164 995121
2019-12-18 83.518 83.695 82.259 82.927 708671
2019-12-19 83.026 84.01 82.868 83.951 837099
2019-12-20 84.069 84.482 82.534 82.731 1819191
2019-12-23 82.908 84.246 82.888 83.754 509883
2019-12-27 84.088 85.092 84.088 84.541 364434
2019-12-30 84.58 84.993 83.852 84.423 440568
2020-01-02 85.092 85.859 84.305 85.544 655362
2020-01-03 85.092 85.229 83.419 84.324 741274
2020-01-07 84.482 84.58 80.822 80.96 1583492
2020-01-08 80.685 81.295 79.976 80.212 803925
2020-01-09 81.354 83.321 80.96 83.282 1242244
2020-01-10 83.616 84.147 83.144 84.049 652730
2020-01-13 84.58 85.033 84.049 84.915 1421243
2020-01-14 84.619 85.033 83.164 83.99 2409919
2020-01-15 83.636 84.265 83.282 83.695 2288969
2020-01-16 84.029 84.6 83.439 84.187 1071080
2020-01-17 83.616 85.19 83.616 84.836 717283
2020-01-20 84.364 84.836 84.324 84.344 485056
2020-01-21 84.246 84.797 83.478 83.557 832653
2020-01-22 84.324 84.6 83.616 83.616 659092
2020-01-23 83.518 85.367 83.518 84.088 1488530
2020-01-24 84.462 85.092 84.128 84.128 598822
2020-01-27 83.419 84.069 81.235 81.235 984853
2020-01-28 81.649 81.865 79.858 80.291 1529442
2020-01-29 80.567 80.822 77.438 77.989 1591314
2020-01-30 74.763 76.71 73.582 74.763 1972274
2020-01-31 74.763 74.881 73.307 74.428 1696498
2020-02-03 74.251 74.369 70.651 71.811 2032884
2020-02-04 72.362 73.779 72.107 73.228 1085023
2020-02-05 73.287 75.589 72.697 75.373 1280322
2020-02-06 75.628 76.415 72.618 72.697 976912
2020-02-07 72.697 73.543 71.615 73.543 807452
2020-02-10 72.933 73.051 70.867 71.379 1656461
2020-02-11 71.32 72.795 69.824 72.677 2429280
2020-02-12 72.795 73.543 72.126 73.228 1146638
2020-02-13 73.189 73.366 71.516 73.366 629589
2020-02-14 73.779 75.412 73.779 74.763 1414264
2020-02-17 75.53 75.845 74.29 74.566 374660
2020-02-18 73.779 75.215 73.582 74.271 1245133
2020-02-19 74.271 74.546 72.067 72.244 1642549
2020-02-20 72.303 72.52 71.32 71.693 1323312
2020-02-21 71.359 72.52 71.261 72.107 870776
2020-02-24 70.926 71.143 68.25 68.664 1043561
2020-02-25 68.664 69.136 67.188 67.208 1448143
2020-02-26 67.168 67.522 64.827 65.516 1543343
2020-02-27 65.083 65.535 58.728 59.908 1404219
2020-02-28 58.531 58.787 54.144 57.685 3090225
2020-03-02 60.499 61.187 58.59 59.574 2071394
2020-03-03 60.794 61.778 59.633 61.246 1833953
