date	total_cases	new_cases	total_deaths	new_deaths	reproduction_rate	new_tests	total_tests	total_tests_per_thousand	new_tests_per_thousand	positive_rate	tests_per_case	total_vaccinations	people_vaccinated	people_fully_vaccinated	new_vaccinations	new_vaccinations_smoothed	total_vaccinations_per_hundred	people_vaccinated_per_hundred	people_fully_vaccinated_per_hundred	stringency_index	population
04.03.2020	1.0	1.0																		11.11	37846605.0
05.03.2020	1.0	0.0																		11.11	37846605.0
06.03.2020	5.0	4.0																		11.11	37846605.0
07.03.2020	5.0	0.0																		11.11	37846605.0
08.03.2020	11.0	6.0																		11.11	37846605.0
09.03.2020	16.0	5.0																		13.89	37846605.0
10.03.2020	22.0	6.0																		25.0	37846605.0
11.03.2020	31.0	9.0																		25.0	37846605.0
12.03.2020	49.0	18.0	1.0	1.0																41.67	37846605.0
13.03.2020	68.0	19.0	2.0	1.0																41.67	37846605.0
14.03.2020	103.0	35.0	3.0	1.0																49.07	37846605.0
15.03.2020	119.0	16.0	3.0	0.0	2.45															57.41	37846605.0
16.03.2020	177.0	58.0	4.0	1.0	2.5															57.41	37846605.0
17.03.2020	238.0	61.0	5.0	1.0	2.46															57.41	37846605.0
18.03.2020	251.0	13.0	5.0	0.0	2.4															57.41	37846605.0
19.03.2020	355.0	104.0	5.0	0.0	2.41															57.41	37846605.0
20.03.2020	425.0	70.0	5.0	0.0	2.35															57.41	37846605.0
21.03.2020	536.0	111.0	5.0	0.0	2.3															57.41	37846605.0
22.03.2020	634.0	98.0	7.0	2.0	2.23															57.41	37846605.0
23.03.2020	749.0	115.0	8.0	1.0	2.14															57.41	37846605.0
24.03.2020	901.0	152.0	10.0	2.0	2.1															57.41	37846605.0
25.03.2020	1051.0	150.0	14.0	4.0	2.04															57.41	37846605.0
26.03.2020	1221.0	170.0	16.0	2.0	1.94															57.41	37846605.0
27.03.2020	1389.0	168.0	16.0	0.0	1.89															57.41	37846605.0
28.03.2020	1638.0	249.0	18.0	2.0	1.87															57.41	37846605.0
29.03.2020	1862.0	224.0	22.0	4.0	1.81															57.41	37846605.0
30.03.2020	2055.0	193.0	31.0	9.0	1.75															57.41	37846605.0
31.03.2020	2311.0	256.0	33.0	2.0	1.73															81.48	37846605.0
01.04.2020	2554.0	243.0	43.0	10.0	1.72															81.48	37846605.0
02.04.2020	2946.0	392.0	57.0	14.0	1.7															81.48	37846605.0
03.04.2020	3383.0	437.0	71.0	14.0	1.65															81.48	37846605.0
04.04.2020	3627.0	244.0	79.0	8.0	1.57															81.48	37846605.0
05.04.2020	4102.0	475.0	94.0	15.0	1.53															81.48	37846605.0
06.04.2020	4413.0	311.0	107.0	13.0	1.46															81.48	37846605.0
07.04.2020	4848.0	435.0	129.0	22.0	1.4															81.48	37846605.0
08.04.2020	5205.0	357.0	159.0	30.0	1.32															81.48	37846605.0
09.04.2020	5575.0	370.0	174.0	15.0	1.24															83.33	37846605.0
10.04.2020	5955.0	380.0	181.0	7.0	1.19															83.33	37846605.0
11.04.2020	6356.0	401.0	208.0	27.0	1.15															83.33	37846605.0
12.04.2020	6674.0	318.0	232.0	24.0	1.09															83.33	37846605.0
13.04.2020	6934.0	260.0	245.0	13.0	1.07															83.33	37846605.0
14.04.2020	7202.0	268.0	263.0	18.0	1.07															83.33	37846605.0
15.04.2020	7582.0	380.0	286.0	23.0	1.09															83.33	37846605.0
16.04.2020	7918.0	336.0	314.0	28.0	1.09															83.33	37846605.0
17.04.2020	8379.0	461.0	332.0	18.0	1.11															83.33	37846605.0
18.04.2020	8742.0	363.0	347.0	15.0	1.1															83.33	37846605.0
19.04.2020	9287.0	545.0	360.0	13.0	1.09															83.33	37846605.0
20.04.2020	9593.0	306.0	380.0	20.0	1.04															83.33	37846605.0
21.04.2020	9856.0	263.0	401.0	21.0	1.0															83.33	37846605.0
22.04.2020	10169.0	313.0	426.0	25.0	0.98															83.33	37846605.0
23.04.2020	10511.0	342.0	454.0	28.0	0.99															83.33	37846605.0
24.04.2020	10892.0	381.0	494.0	40.0	0.99															83.33	37846605.0
25.04.2020	11273.0	381.0	524.0	30.0	0.99															83.33	37846605.0
26.04.2020	11617.0	344.0	535.0	11.0	0.97															83.33	37846605.0
27.04.2020	11902.0	285.0	562.0	27.0	0.96															83.33	37846605.0
28.04.2020	12218.0	316.0	596.0	34.0	0.95		281787.0	7.446												83.33	37846605.0
29.04.2020	12640.0	422.0	624.0	28.0	0.94	12802.0	294589.0	7.784	0.338											83.33	37846605.0
30.04.2020	12877.0	237.0	644.0	20.0	0.92	12509.0	307098.0	8.114	0.331											83.33	37846605.0
01.05.2020	13105.0	228.0	651.0	7.0	0.91	15651.0	322749.0	8.528	0.414											83.33	37846605.0
02.05.2020	13375.0	270.0	664.0	13.0	0.94	10613.0	333362.0	8.808	0.28											83.33	37846605.0
03.05.2020	13693.0	318.0	678.0	14.0	0.97	9382.0	342744.0	9.056	0.248											83.33	37846605.0
04.05.2020	14006.0	313.0	698.0	20.0	1.0	7304.0	350048.0	9.249	0.193											83.33	37846605.0
05.05.2020	14431.0	425.0	716.0	18.0	1.02	9642.0	359690.0	9.504	0.255	0.028	35.2									83.33	37846605.0
06.05.2020	14740.0	309.0	733.0	17.0	1.01	15004.0	374694.0	9.9	0.396	0.026	38.1									83.33	37846605.0
07.05.2020	15047.0	307.0	755.0	22.0	1.02	14382.0	389076.0	10.28	0.38	0.026	37.8									83.33	37846605.0
08.05.2020	15366.0	319.0	776.0	21.0	1.03	16206.0	405282.0	10.709	0.428	0.027	36.5									83.33	37846605.0
09.05.2020	15651.0	285.0	785.0	9.0	1.05	15886.0	421168.0	11.128	0.42	0.026	38.6									83.33	37846605.0
10.05.2020	15996.0	345.0	800.0	15.0	1.07	15473.0	436641.0	11.537	0.409	0.025	40.8									83.33	37846605.0
11.05.2020	16326.0	330.0	811.0	11.0	1.1	13613.0	450254.0	11.897	0.36	0.023	43.2									83.33	37846605.0
12.05.2020	16921.0	595.0	839.0	28.0	1.11	15722.0	465976.0	12.312	0.415	0.023	42.7									83.33	37846605.0
13.05.2020	17204.0	283.0	861.0	22.0	1.08	19193.0	485169.0	12.819	0.507	0.022	44.8									83.33	37846605.0
14.05.2020	17615.0	411.0	883.0	22.0	1.06	21564.0	506733.0	13.389	0.57	0.022	45.8									83.33	37846605.0
15.05.2020	18016.0	401.0	907.0	24.0	1.04	20162.0	526895.0	13.922	0.533	0.022	45.9									83.33	37846605.0
16.05.2020	18257.0	241.0	915.0	8.0	1.01	22897.0	549792.0	14.527	0.605	0.02	49.4									83.33	37846605.0
17.05.2020	18529.0	272.0	925.0	10.0	1.01	17263.0	567055.0	14.983	0.456	0.019	51.5									83.33	37846605.0
18.05.2020	18885.0	356.0	936.0	11.0	1.04	14416.0	581471.0	15.364	0.381	0.02	51.3									83.33	37846605.0
19.05.2020	19268.0	383.0	948.0	12.0	1.06	16254.0	597725.0	15.793	0.429	0.018	56.1									83.33	37846605.0
20.05.2020	19739.0	471.0	962.0	14.0	1.09	20242.0	617967.0	16.328	0.535	0.019	52.4									83.33	37846605.0
21.05.2020	20143.0	404.0	972.0	10.0	1.09	21556.0	639523.0	16.898	0.57	0.019	52.5									83.33	37846605.0
22.05.2020	20619.0	476.0	982.0	10.0	1.07	21277.0	660800.0	17.46	0.562	0.019	51.4									83.33	37846605.0
23.05.2020	20931.0	312.0	993.0	11.0	1.04	26280.0	687080.0	18.154	0.694	0.019	51.3									83.33	37846605.0
24.05.2020	21326.0	395.0	996.0	3.0	1.03	14889.0	701969.0	18.548	0.393	0.021	48.2									83.33	37846605.0
25.05.2020	21631.0	305.0	1007.0	11.0	1.01	10706.0	712675.0	18.831	0.283	0.021	47.8									79.63	37846605.0
26.05.2020	22074.0	443.0	1024.0	17.0	1.01	21026.0	733701.0	19.386	0.556	0.021	48.5									79.63	37846605.0
27.05.2020	22473.0	399.0	1028.0	4.0	1.0	19974.0	753675.0	19.914	0.528	0.02	49.6									79.63	37846605.0
28.05.2020	22825.0	352.0	1038.0	10.0	0.98	19950.0	773625.0	20.441	0.527	0.02	50.0									79.63	37846605.0
29.05.2020	23155.0	330.0	1051.0	13.0	0.96	24851.0	798476.0	21.098	0.657	0.018	54.3									79.63	37846605.0
30.05.2020	23571.0	416.0	1061.0	10.0	0.95	23335.0	821811.0	21.714	0.617	0.02	51.0									64.81	37846605.0
31.05.2020	23786.0	215.0	1064.0	3.0	0.93	14487.0	836298.0	22.097	0.383	0.018	54.6									64.81	37846605.0
01.06.2020	24165.0	379.0	1074.0	10.0	0.95	14119.0	850417.0	22.47	0.373	0.018	54.4									64.81	37846605.0
02.06.2020	24395.0	230.0	1092.0	18.0	0.96	12466.0	862883.0	22.799	0.329	0.018	55.7									53.7	37846605.0
03.06.2020	24687.0	292.0	1115.0	23.0	1.01	19024.0	881907.0	23.302	0.503	0.017	57.9									53.7	37846605.0
04.06.2020	25048.0	361.0	1117.0	2.0	1.07	21579.0	903486.0	23.872	0.57	0.017	58.4									53.7	37846605.0
05.06.2020	25410.0	362.0	1137.0	20.0	1.13	21410.0	924896.0	24.438	0.566	0.018	56.1									53.7	37846605.0
06.06.2020	25986.0	576.0	1153.0	16.0	1.19	20752.0	945648.0	24.986	0.548	0.02	51.3									53.7	37846605.0
07.06.2020	26561.0	575.0	1157.0	4.0	1.2	15664.0	961312.0	25.4	0.414	0.022	45.0									53.7	37846605.0
08.06.2020	27160.0	599.0	1166.0	9.0	1.16	12241.0	973553.0	25.724	0.323	0.024	41.1									53.7	37846605.0
09.06.2020	27560.0	400.0	1183.0	17.0	1.08	14798.0	988351.0	26.115	0.391	0.025	39.6									53.7	37846605.0
10.06.2020	27842.0	282.0	1206.0	23.0	1.02	19368.0	1007719.0	26.626	0.512	0.025	39.9									53.7	37846605.0
11.06.2020	28201.0	359.0	1215.0	9.0	1.0	16542.0	1024261.0	27.063	0.437	0.026	38.3									53.7	37846605.0
12.06.2020	28577.0	376.0	1222.0	7.0	0.99	19378.0	1043639.0	27.575	0.512	0.027	37.5									53.7	37846605.0
13.06.2020	29017.0	440.0	1237.0	15.0	0.99	15563.0	1059202.0	27.987	0.411	0.027	37.5									53.7	37846605.0
14.06.2020	29392.0	375.0	1247.0	10.0	0.98	17049.0	1076251.0	28.437	0.45	0.025	40.6									53.7	37846605.0
15.06.2020	29788.0	396.0	1256.0	9.0	0.98	10676.0	1086927.0	28.719	0.282	0.023	43.1									50.93	37846605.0
16.06.2020	30195.0	407.0	1272.0	16.0	0.98	16403.0	1103330.0	29.153	0.433	0.023	43.6									50.93	37846605.0
17.06.2020	30701.0	506.0	1286.0	14.0	0.96	22982.0	1126312.0	29.76	0.607	0.024	41.5									50.93	37846605.0
18.06.2020	31015.0	314.0	1316.0	30.0	0.91	20906.0	1147218.0	30.312	0.552	0.023	43.7									50.93	37846605.0
19.06.2020	31316.0	301.0	1334.0	18.0	0.88	23543.0	1170761.0	30.934	0.622	0.022	46.4									50.93	37846605.0
20.06.2020	31620.0	304.0	1346.0	12.0	0.86	19640.0	1190401.0	31.453	0.519	0.02	50.4									50.93	37846605.0
21.06.2020	31931.0	311.0	1356.0	10.0	0.86	18231.0	1208632.0	31.935	0.482	0.019	52.1									50.93	37846605.0
22.06.2020	32227.0	296.0	1359.0	3.0	0.86	11041.0	1219673.0	32.227	0.292	0.018	54.4									50.93	37846605.0
23.06.2020	32527.0	300.0	1375.0	16.0	0.86	18077.0	1237750.0	32.704	0.478	0.017	57.6									50.93	37846605.0
24.06.2020	32821.0	294.0	1396.0	21.0	0.85	19251.0	1257001.0	33.213	0.509	0.016	61.6									50.93	37846605.0
25.06.2020	33119.0	298.0	1412.0	16.0	0.85	21453.0	1278454.0	33.78	0.567	0.016	62.4									50.93	37846605.0
26.06.2020	33395.0	276.0	1429.0	17.0	0.86	18336.0	1296790.0	34.264	0.484	0.016	60.6									50.93	37846605.0
27.06.2020	33714.0	319.0	1435.0	6.0	0.86	19143.0	1315933.0	34.77	0.506	0.017	59.9									50.93	37846605.0
28.06.2020	33907.0	193.0	1438.0	3.0	0.87	14818.0	1330751.0	35.162	0.392	0.016	61.8									50.93	37846605.0
29.06.2020	34154.0	247.0	1444.0	6.0	0.9	7752.0	1338503.0	35.367	0.205	0.016	61.7									50.93	37846605.0
30.06.2020	34393.0	239.0	1463.0	19.0	0.93	17807.0	1356310.0	35.837	0.471	0.016	63.5									50.93	37846605.0
01.07.2020	34775.0	382.0	1477.0	14.0	0.96	21064.0	1377374.0	36.394	0.557	0.016	61.6									50.93	37846605.0
02.07.2020	35146.0	371.0	1492.0	15.0	0.97	18803.0	1396177.0	36.89	0.497	0.017	58.1									50.93	37846605.0
03.07.2020	35405.0	259.0	1507.0	15.0	0.95	23257.0	1419434.0	37.505	0.615	0.016	61.0									50.93	37846605.0
04.07.2020	35719.0	314.0	1512.0	5.0	0.93	18415.0	1437849.0	37.991	0.487	0.016	60.8									50.93	37846605.0
05.07.2020	35950.0	231.0	1517.0	5.0	0.92	14938.0	1452787.0	38.386	0.395	0.017	59.7									50.93	37846605.0
06.07.2020	36155.0	205.0	1521.0	4.0	0.92	12125.0	1464912.0	38.707	0.32	0.016	63.2									50.93	37846605.0
07.07.2020	36412.0	257.0	1528.0	7.0	0.94	16307.0	1481219.0	39.137	0.431	0.016	61.9									50.93	37846605.0
08.07.2020	36689.0	277.0	1542.0	14.0	0.95	29354.0	1510573.0	39.913	0.776	0.014	69.6									50.93	37846605.0
09.07.2020	36951.0	262.0	1551.0	9.0	0.97	18781.0	1529354.0	40.409	0.496	0.014	73.8									39.81	37846605.0
10.07.2020	37216.0	265.0	1562.0	11.0	1.0	19352.0	1548706.0	40.921	0.511	0.014	71.4									39.81	37846605.0
11.07.2020	37521.0	305.0	1568.0	6.0	1.04	32734.0	1581440.0	41.786	0.865	0.013	79.7									39.81	37846605.0
12.07.2020	37891.0	370.0	1571.0	3.0	1.07	13195.0	1594635.0	42.134	0.349	0.014	73.1									39.81	37846605.0
13.07.2020	38190.0	299.0	1576.0	5.0	1.07	10709.0	1605344.0	42.417	0.283	0.014	69.0									39.81	37846605.0
14.07.2020	38457.0	267.0	1588.0	12.0	1.06	16628.0	1621972.0	42.856	0.439	0.015	68.8									39.81	37846605.0
15.07.2020	38721.0	264.0	1594.0	6.0	1.06	19918.0	1641890.0	43.383	0.526	0.015	64.6									39.81	37846605.0
16.07.2020	39054.0	333.0	1605.0	11.0	1.08	20016.0	1661906.0	43.912	0.529	0.016	63.0									39.81	37846605.0
17.07.2020	39407.0	353.0	1612.0	7.0	1.1	20567.0	1682473.0	44.455	0.543	0.016	61.1									39.81	37846605.0
18.07.2020	39746.0	339.0	1618.0	6.0	1.12	18927.0	1701400.0	44.955	0.5	0.019	53.9									39.81	37846605.0
19.07.2020	40104.0	358.0	1624.0	6.0	1.14	13956.0	1715356.0	45.324	0.369	0.018	54.6									39.81	37846605.0
20.07.2020	40383.0	279.0	1627.0	3.0	1.17	10091.0	1725447.0	45.591	0.267	0.018	54.8									39.81	37846605.0
21.07.2020	40782.0	399.0	1636.0	9.0	1.19	16162.0	1741609.0	46.018	0.427	0.019	51.5									39.81	37846605.0
22.07.2020	41162.0	380.0	1642.0	6.0	1.21	19656.0	1761265.0	46.537	0.519	0.02	48.9									39.81	37846605.0
23.07.2020	41580.0	418.0	1651.0	9.0	1.22	20985.0	1782250.0	47.091	0.554	0.021	47.6									39.81	37846605.0
24.07.2020	42038.0	458.0	1655.0	4.0	1.24	18098.0	1800348.0	47.57	0.478	0.022	44.8									39.81	37846605.0
25.07.2020	42622.0	584.0	1664.0	9.0	1.26	20010.0	1820358.0	48.098	0.529	0.024	41.4									39.81	37846605.0
26.07.2020	43065.0	443.0	1671.0	7.0	1.25					0.025	40.1									39.81	37846605.0
27.07.2020	43402.0	337.0	1676.0	5.0	1.25		1847663.0	48.82		0.025	40.5									39.81	37846605.0
28.07.2020	43904.0	502.0	1682.0	6.0	1.26	16440.0	1864103.0	49.254	0.434	0.025	39.2									39.81	37846605.0
29.07.2020	44416.0	512.0	1694.0	12.0	1.27	22969.0	1887072.0	49.861	0.607	0.026	38.7									39.81	37846605.0
30.07.2020	45031.0	615.0	1709.0	15.0	1.28	22108.0	1909180.0	50.445	0.584	0.027	36.8									39.81	37846605.0
31.07.2020	45688.0	657.0	1716.0	7.0	1.27	22394.0	1931574.0	51.037	0.592	0.028	36.0									39.81	37846605.0
01.08.2020	46346.0	658.0	1721.0	5.0	1.26	21262.0	1952836.0	51.599	0.562	0.028	35.6									39.81	37846605.0
02.08.2020	46894.0	548.0	1731.0	10.0	1.26	16734.0	1969570.0	52.041	0.442	0.028	35.4									39.81	37846605.0
03.08.2020	47469.0	575.0	1732.0	1.0	1.26	11071.0	1980641.0	52.333	0.293	0.031	32.7									39.81	37846605.0
04.08.2020	48149.0	680.0	1738.0	6.0	1.25	18888.0	1999529.0	52.832	0.499	0.031	31.9									39.81	37846605.0
05.08.2020	48789.0	640.0	1756.0	18.0	1.23	28422.0	2027951.0	53.583	0.751	0.031	32.2									39.81	37846605.0
06.08.2020	49515.0	726.0	1774.0	18.0	1.21	21278.0	2049229.0	54.146	0.562	0.032	31.2									39.81	37846605.0
07.08.2020	50324.0	809.0	1787.0	13.0	1.2	25244.0	2074473.0	54.813	0.667	0.032	30.8									39.81	37846605.0
08.08.2020	51167.0	843.0	1800.0	13.0	1.18	28307.0	2102780.0	55.561	0.748	0.032	31.1									39.81	37846605.0
09.08.2020	51791.0	624.0	1807.0	7.0	1.15	20842.0	2123622.0	56.111	0.551	0.032	31.5									39.81	37846605.0
10.08.2020	52410.0	619.0	1809.0	2.0	1.13	14399.0	2138021.0	56.492	0.38	0.031	31.9									39.81	37846605.0
11.08.2020	52961.0	551.0	1821.0	12.0	1.11	20511.0	2158532.0	57.034	0.542	0.03	33.0									39.81	37846605.0
12.08.2020	53676.0	715.0	1830.0	9.0	1.1	23495.0	2182027.0	57.654	0.621	0.032	31.5									39.81	37846605.0
13.08.2020	54487.0	811.0	1844.0	14.0	1.09	25177.0	2207204.0	58.32	0.665	0.031	31.8									39.81	37846605.0
14.08.2020	55319.0	832.0	1858.0	14.0	1.07	25792.0	2232996.0	59.001	0.681	0.032	31.7									39.81	37846605.0
15.08.2020	56090.0	771.0	1869.0	11.0	1.06	23730.0	2256726.0	59.628	0.627	0.032	31.3									39.81	37846605.0
16.08.2020	56684.0	594.0	1877.0	8.0	1.05	16004.0	2272730.0	60.051	0.423	0.033	30.5									39.81	37846605.0
17.08.2020	57279.0	595.0	1885.0	8.0	1.05	12778.0	2285508.0	60.389	0.338	0.033	30.3									39.81	37846605.0
18.08.2020	57876.0	597.0	1896.0	11.0	1.05	19884.0	2305392.0	60.914	0.525	0.033	29.9									39.81	37846605.0
19.08.2020	58611.0	735.0	1913.0	17.0	1.05	27734.0	2333126.0	61.647	0.733	0.033	30.6									39.81	37846605.0
20.08.2020	59378.0	767.0	1925.0	12.0	1.05	24646.0	2357772.0	62.298	0.651	0.032	30.8									39.81	37846605.0
21.08.2020	60281.0	903.0	1938.0	13.0	1.05	28666.0	2386438.0	63.056	0.757	0.032	30.9									39.81	37846605.0
22.08.2020	61181.0	900.0	1951.0	13.0	1.05	24793.0	2411231.0	63.711	0.655	0.033	30.3									39.81	37846605.0
23.08.2020	61762.0	581.0	1955.0	4.0	1.04	18983.0	2430214.0	64.212	0.502	0.032	31.0									39.81	37846605.0
24.08.2020	62310.0	548.0	1960.0	5.0	1.03	15332.0	2445546.0	64.617	0.405	0.031	31.8									39.81	37846605.0
25.08.2020	63073.0	763.0	1977.0	17.0	1.03	21982.0	2467528.0	65.198	0.581	0.032	31.2									39.81	37846605.0
26.08.2020	63802.0	729.0	1994.0	17.0	1.02	28311.0	2495839.0	65.946	0.748	0.032	31.3									39.81	37846605.0
27.08.2020	64689.0	887.0	2010.0	16.0	1.0	27110.0	2522949.0	66.662	0.716	0.032	31.1									39.81	37846605.0
28.08.2020	65480.0	791.0	2018.0	8.0	0.97	24782.0	2547731.0	67.317	0.655	0.032	31.0									39.81	37846605.0
29.08.2020	66239.0	759.0	2032.0	14.0	0.95	21075.0	2568806.0	67.874	0.557	0.032	31.2									39.81	37846605.0
30.08.2020	66870.0	631.0	2033.0	1.0	0.94	18753.0	2587559.0	68.37	0.496	0.032	30.8									39.81	37846605.0
31.08.2020	67372.0	502.0	2039.0	6.0	0.92	12010.0	2599569.0	68.687	0.317	0.033	30.4									39.81	37846605.0
01.09.2020	67922.0	550.0	2058.0	19.0	0.89	28703.0	2628272.0	69.445	0.758	0.03	33.1									36.11	37846605.0
02.09.2020	68517.0	595.0	2078.0	20.0	0.87	24354.0	2652626.0	70.089	0.643	0.03	33.3									36.11	37846605.0
03.09.2020	69129.0	612.0	2092.0	14.0	0.85	23972.0	2676598.0	70.722	0.633	0.029	34.6									36.11	37846605.0
04.09.2020	69820.0	691.0	2100.0	8.0	0.84	21745.0	2698343.0	71.297	0.575	0.029	34.7									36.11	37846605.0
05.09.2020	70387.0	567.0	2113.0	13.0	0.83	24819.0	2723162.0	71.953	0.656	0.027	37.2									36.11	37846605.0
06.09.2020	70824.0	437.0	2120.0	7.0	0.83	18226.0	2741388.0	72.434	0.482	0.026	38.9									36.11	37846605.0
07.09.2020	71126.0	302.0	2124.0	4.0	0.83	10025.0	2751413.0	72.699	0.265	0.025	40.4									36.11	37846605.0
08.09.2020	71526.0	400.0	2136.0	12.0	0.84	18195.0	2769608.0	73.18	0.481	0.025	39.2									36.11	37846605.0
09.09.2020	71947.0	421.0	2147.0	11.0	0.87	22779.0	2792387.0	73.782	0.602	0.025	40.7									36.11	37846605.0
10.09.2020	72453.0	506.0	2159.0	12.0	0.89	18014.0	2810401.0	74.258	0.476	0.025	40.3									36.11	37846605.0
11.09.2020	73047.0	594.0	2169.0	10.0	0.94	18715.0	2829116.0	74.752	0.494	0.025	40.5									36.11	37846605.0
12.09.2020	73650.0	603.0	2182.0	13.0	0.98	20291.0	2849407.0	75.288	0.536	0.026	38.7									36.11	37846605.0
13.09.2020	74152.0	502.0	2188.0	6.0	1.03	14159.0	2863566.0	75.662	0.374	0.027	36.7									36.11	37846605.0
14.09.2020	74529.0	377.0	2203.0	15.0	1.09	12109.0	2875675.0	75.982	0.32	0.027	36.5									36.11	37846605.0
15.09.2020	75134.0	605.0	2227.0	24.0	1.15	17925.0	2893600.0	76.456	0.474	0.029	34.4									36.11	37846605.0
16.09.2020	75734.0	600.0	2237.0	10.0	1.19	21367.0	2914967.0	77.021	0.565	0.031	32.4									36.11	37846605.0
17.09.2020	76571.0	837.0	2253.0	16.0	1.23	21873.0	2936840.0	77.599	0.578	0.033	30.7									36.11	37846605.0
18.09.2020	77328.0	757.0	2270.0	17.0	1.26	20190.0	2957030.0	78.132	0.533	0.033	29.9									23.15	37846605.0
19.09.2020	78330.0	1002.0	2282.0	12.0	1.31	19497.0	2976527.0	78.647	0.515	0.037	27.2									23.15	37846605.0
20.09.2020	79240.0	910.0	2293.0	11.0	1.34	18604.0	2995131.0	79.139	0.492	0.039	25.9									23.15	37846605.0
21.09.2020	79988.0	748.0	2298.0	5.0	1.35	11842.0	3006973.0	79.452	0.313	0.042	24.1									23.15	37846605.0
22.09.2020	80699.0	711.0	2316.0	18.0	1.36	20145.0	3027118.0	79.984	0.532	0.042	24.0									23.15	37846605.0
23.09.2020	81673.0	974.0	2344.0	28.0	1.39	21230.0	3048348.0	80.545	0.561	0.045	22.5									23.15	37846605.0
24.09.2020	82809.0	1136.0	2369.0	25.0	1.42	23370.0	3071718.0	81.162	0.617	0.046	21.6									23.15	37846605.0
25.09.2020	84396.0	1587.0	2392.0	23.0	1.46	23655.0	3095373.0	81.787	0.625	0.051	19.6									23.15	37846605.0
26.09.2020	85980.0	1584.0	2424.0	32.0	1.48	22394.0	3117767.0	82.379	0.592	0.054	18.5									23.15	37846605.0
27.09.2020	87330.0	1350.0	2432.0	8.0	1.48	18530.0	3136297.0	82.869	0.49	0.057	17.4									23.15	37846605.0
28.09.2020	88636.0	1306.0	2447.0	15.0	1.48	12904.0	3149201.0	83.21	0.341	0.061	16.4									23.15	37846605.0
29.09.2020	89962.0	1326.0	2483.0	36.0	1.47	22361.0	3171562.0	83.8	0.591	0.064	15.6									23.15	37846605.0
30.09.2020	91514.0	1552.0	2513.0	30.0	1.47	26074.0	3197636.0	84.489	0.689	0.066	15.2									23.15	37846605.0
01.10.2020	93481.0	1967.0	2543.0	30.0	1.48	28959.0	3226595.0	85.255	0.765	0.069	14.5									23.15	37846605.0
02.10.2020	95773.0	2292.0	2570.0	27.0	1.49	26500.0	3253095.0	85.955	0.7	0.072	13.9									23.15	37846605.0
03.10.2020	98140.0	2367.0	2604.0	34.0	1.51	29446.0	3282541.0	86.733	0.778	0.074	13.6									23.15	37846605.0
04.10.2020	100074.0	1934.0	2630.0	26.0	1.53	25254.0	3307795.0	87.4	0.667	0.074	13.5									23.15	37846605.0
05.10.2020	102080.0	2006.0	2659.0	29.0	1.57	17718.0	3325513.0	87.868	0.468	0.076	13.1									23.15	37846605.0
06.10.2020	104316.0	2236.0	2717.0	58.0	1.61	23296.0	3348809.0	88.484	0.616	0.081	12.3									23.15	37846605.0
07.10.2020	107319.0	3003.0	2792.0	75.0	1.66	32418.0	3381227.0	89.34	0.857	0.086	11.6									23.15	37846605.0
08.10.2020	111599.0	4280.0	2867.0	75.0	1.7	42748.0	3423975.0	90.47	1.13	0.092	10.9									23.15	37846605.0
09.10.2020	116338.0	4739.0	2919.0	52.0	1.72	31036.0	3455011.0	91.29	0.82	0.102	9.8									23.15	37846605.0
10.10.2020	121638.0	5300.0	2972.0	53.0	1.72	35959.0	3490970.0	92.24	0.95	0.113	8.9									37.04	37846605.0
11.10.2020	125816.0	4178.0	3004.0	32.0	1.7	30287.0	3521257.0	93.04	0.8	0.121	8.3									37.04	37846605.0
12.10.2020	130210.0	4394.0	3039.0	35.0	1.7	24229.0	3545486.0	93.68	0.64	0.128	7.8									37.04	37846605.0
13.10.2020	135278.0	5068.0	3101.0	62.0	1.69	32381.0	3577867.0	94.536	0.856	0.135	7.4									37.04	37846605.0
14.10.2020	141804.0	6526.0	3217.0	116.0	1.68	42705.0	3620572.0	95.664	1.128	0.144	6.9									37.04	37846605.0
15.10.2020	149903.0	8099.0	3308.0	91.0	1.67	62215.0	3682787.0	97.308	1.644	0.148	6.8									37.04	37846605.0
16.10.2020	157608.0	7705.0	3440.0	132.0	1.65	49400.0	3732187.0	98.614	1.305	0.149	6.7									37.04	37846605.0
17.10.2020	167230.0	9622.0	3524.0	84.0	1.64	47604.0	3779791.0	99.871	1.258	0.158	6.3									32.87	37846605.0
18.10.2020	175766.0	8536.0	3573.0	49.0	1.62	34873.0	3814664.0	100.793	0.921	0.17	5.9									32.87	37846605.0
19.10.2020	183248.0	7482.0	3614.0	41.0	1.59	35484.0	3850148.0	101.73	0.938	0.174	5.7									34.72	37846605.0
20.10.2020	192539.0	9291.0	3721.0	107.0	1.56	39799.0	3889947.0	102.782	1.052	0.183	5.5									34.72	37846605.0
21.10.2020	202579.0	10040.0	3851.0	130.0	1.53	58085.0	3948032.0	104.317	1.535	0.186	5.4									34.72	37846605.0
22.10.2020	214686.0	12107.0	4019.0	168.0	1.52	48713.0	3996745.0	105.604	1.287	0.206	4.8									34.72	37846605.0
23.10.2020	228318.0	13632.0	4172.0	153.0	1.51	59810.0	4056555.0	107.184	1.58	0.218	4.6									34.72	37846605.0
24.10.2020	241946.0	13628.0	4351.0	179.0	1.5	53920.0	4110475.0	108.609	1.425	0.226	4.4									71.3	37846605.0
25.10.2020	253688.0	11742.0	4438.0	87.0	1.49	52630.0	4163105.0	109.999	1.391	0.224	4.5									71.3	37846605.0
26.10.2020	263929.0	10241.0	4483.0	45.0	1.5	49243.0	4212348.0	111.301	1.301	0.223	4.5									71.3	37846605.0
27.10.2020	280229.0	16300.0	4615.0	132.0	1.52	64096.0	4276444.0	112.994	1.694	0.227	4.4									71.3	37846605.0
28.10.2020	299049.0	18820.0	4849.0	234.0	1.51	59145.0	4335589.0	114.557	1.563	0.249	4.0									71.3	37846605.0
29.10.2020	319205.0	20156.0	5149.0	300.0	1.49	68955.0	4404544.0	116.379	1.822	0.256	3.9									71.3	37846605.0
30.10.2020	340834.0	21629.0	5351.0	202.0	1.46	75559.0	4480103.0	118.375	1.996	0.266	3.8									71.3	37846605.0
31.10.2020	362731.0	21897.0	5631.0	280.0	1.42	56691.0	4536794.0	119.873	1.498	0.283	3.5									71.3	37846605.0
01.11.2020	379902.0	17171.0	5783.0	152.0	1.39	48341.0	4585135.0	121.15	1.277	0.299	3.3									71.3	37846605.0
02.11.2020	395480.0	15578.0	5875.0	92.0	1.37	64101.0	4649236.0	122.844	1.694	0.301	3.3									71.3	37846605.0
03.11.2020	414844.0	19364.0	6102.0	227.0	1.35	62988.0	4712224.0	124.508	1.664	0.309	3.2									71.3	37846605.0
04.11.2020	439536.0	24692.0	6475.0	373.0	1.34	67690.0	4779914.0	126.297	1.789	0.316	3.2									71.3	37846605.0
05.11.2020	466679.0	27143.0	6842.0	367.0	1.33	65416.0	4845330.0	128.025	1.728	0.335	3.0									71.3	37846605.0
06.11.2020	493765.0	27086.0	7287.0	445.0	1.31	74215.0	4919545.0	129.986	1.961	0.348	2.9									71.3	37846605.0
07.11.2020	521640.0	27875.0	7636.0	349.0	1.28	65515.0	4985060.0	131.717	1.731	0.354	2.8									75.0	37846605.0
08.11.2020	546425.0	24785.0	7872.0	236.0	1.25	59764.0	5044824.0	133.297	1.579	0.362	2.8									75.0	37846605.0
09.11.2020	568138.0	21713.0	8045.0	173.0	1.21	42114.0	5086938.0	134.409	1.113	0.394	2.5									75.0	37846605.0
10.11.2020	593592.0	25454.0	8375.0	330.0	1.16	53513.0	5140451.0	135.823	1.414	0.417	2.4									75.0	37846605.0
11.11.2020	618813.0	25221.0	8805.0	430.0	1.11	52019.0	5192470.0	137.198	1.374	0.435	2.3									75.0	37846605.0
12.11.2020	641496.0	22683.0	9080.0	275.0	1.06	56348.0	5248818.0	138.687	1.489	0.433	2.3									75.0	37846605.0
13.11.2020	665547.0	24051.0	9499.0	419.0	1.04	55967.0	5304785.0	140.165	1.479	0.446	2.2									75.0	37846605.0
14.11.2020	691118.0	25571.0	10045.0	546.0	1.03	54972.0	5359757.0	141.618	1.452	0.452	2.2									75.0	37846605.0
15.11.2020	712972.0	21854.0	10348.0	303.0	1.02	45308.0	5405065.0	142.815	1.197	0.462	2.2									75.0	37846605.0
16.11.2020	733788.0	20816.0	10491.0	143.0	1.01	34096.0	5439161.0	143.716	0.901	0.47	2.1									75.0	37846605.0
17.11.2020	752940.0	19152.0	10848.0	357.0	0.97	40956.0	5480117.0	144.798	1.082	0.469	2.1									75.0	37846605.0
18.11.2020	772823.0	19883.0	11451.0	603.0	0.96	55729.0	5535846.0	146.271	1.472	0.449	2.2									75.0	37846605.0
19.11.2020	796798.0	23975.0	12088.0	637.0	0.95	56841.0	5592687.0	147.772	1.502	0.452	2.2									75.0	37846605.0
20.11.2020	819262.0	22464.0	12714.0	626.0	0.95	53690.0	5646377.0	149.191	1.419	0.45	2.2									75.0	37846605.0
21.11.2020	843475.0	24213.0	13288.0	574.0	0.95	42414.0	5688791.0	150.312	1.121	0.463	2.2									75.0	37846605.0
22.11.2020	861331.0	17856.0	13618.0	330.0	0.95	41945.0	5730736.0	151.42	1.108	0.456	2.2									75.0	37846605.0
23.11.2020	876333.0	15002.0	13774.0	156.0	0.95	26866.0	5757602.0	152.13	0.71	0.448	2.2									75.0	37846605.0
24.11.2020	909066.0	32733.0	14314.0	540.0	0.93	32843.0	5790445.0	152.998	0.868	0.503	2.0									75.0	37846605.0
25.11.2020	924422.0	15356.0	14988.0	674.0	0.86	47276.0	5837721.0	154.247	1.249	0.502	2.0									75.0	37846605.0
26.11.2020	941112.0	16690.0	15568.0	580.0	0.8	44193.0	5881914.0	155.415	1.168	0.499	2.0									75.0	37846605.0
27.11.2020	958416.0	17304.0	16147.0	579.0	0.77	45464.0	5927378.0	156.616	1.201	0.495	2.0									75.0	37846605.0
28.11.2020	973593.0	15177.0	16746.0	599.0	0.74	40970.0	5968348.0	157.698	1.083	0.465	2.1									75.0	37846605.0
29.11.2020	985075.0	11482.0	17029.0	283.0	0.73	24164.0	5992512.0	158.337	0.638	0.473	2.1									75.0	37846605.0
30.11.2020	990811.0	5736.0	17150.0	121.0	0.72	24663.0	6017175.0	158.989	0.652	0.441	2.3									75.0	37846605.0
01.12.2020	999924.0	9113.0	17599.0	449.0	0.71	37638.0	6054813.0	159.983	0.994	0.344	2.9									75.0	37846605.0
02.12.2020	1013747.0	13823.0	18208.0	609.0	0.73	41100.0	6095913.0	161.069	1.086	0.346	2.9									75.0	37846605.0
03.12.2020	1028610.0	14863.0	18828.0	620.0	0.74	37250.0	6133163.0	162.053	0.984	0.348	2.9									75.0	37846605.0
04.12.2020	1041846.0	13236.0	19359.0	531.0	0.75	39559.0	6172722.0	163.098	1.045	0.34	2.9									75.0	37846605.0
05.12.2020	1054273.0	12427.0	19861.0	502.0	0.76	34846.0	6207568.0	164.019	0.921	0.337	3.0									75.0	37846605.0
06.12.2020	1063449.0	9176.0	20089.0	228.0	0.77	23176.0	6230744.0	164.632	0.612	0.329	3.0									75.0	37846605.0
07.12.2020	1067870.0	4421.0	20181.0	92.0	0.78	18991.0	6249735.0	165.133	0.502	0.331	3.0									75.0	37846605.0
08.12.2020	1076180.0	8310.0	20592.0	411.0	0.79	29217.0	6278952.0	165.905	0.772	0.34	2.9									75.0	37846605.0
09.12.2020	1088346.0	12166.0	21160.0	568.0	0.82	40357.0	6319309.0	166.972	1.066	0.334	3.0									75.0	37846605.0
10.12.2020	1102096.0	13750.0	21630.0	470.0	0.84	37517.0	6356826.0	167.963	0.991	0.329	3.0									75.0	37846605.0
11.12.2020	1115201.0	13105.0	22174.0	544.0	0.86	33236.0	6390062.0	168.841	0.878	0.338	3.0									75.0	37846605.0
12.12.2020	1126700.0	11499.0	22676.0	502.0	0.87	32682.0	6422744.0	169.705	0.864	0.337	3.0									75.0	37846605.0
13.12.2020	1135676.0	8976.0	22864.0	188.0	0.87	21541.0	6444285.0	170.274	0.569	0.338	3.0									75.0	37846605.0
14.12.2020	1140572.0	4896.0	22960.0	96.0	0.87	19456.0	6463741.0	170.788	0.514	0.34	2.9									75.0	37846605.0
15.12.2020	1147446.0	6874.0	23309.0	349.0	0.87	29832.0	6493573.0	171.576	0.788	0.332	3.0									75.0	37846605.0
16.12.2020	1159901.0	12455.0	23914.0	605.0	0.88	41053.0	6534626.0	172.661	1.085	0.332	3.0									75.0	37846605.0
17.12.2020	1171854.0	11953.0	24345.0	431.0	0.89	36011.0	6570637.0	173.612	0.951	0.326	3.1									75.0	37846605.0
18.12.2020	1182864.0	11010.0	24771.0	426.0	0.91	33020.0	6603657.0	174.485	0.872	0.317	3.2									75.0	37846605.0
19.12.2020	1194110.0	11246.0	25254.0	483.0	0.92	29078.0	6632735.0	175.253	0.768	0.321	3.1									75.0	37846605.0
20.12.2020	1202700.0	8590.0	25397.0	143.0	0.92	21767.0	6654502.0	175.828	0.575	0.319	3.1									75.0	37846605.0
21.12.2020	1207333.0	4633.0	25474.0	77.0	0.91	18901.0	6673403.0	176.328	0.499	0.318	3.1									75.0	37846605.0
22.12.2020	1214525.0	7192.0	25783.0	309.0	0.9	28852.0	6702255.0	177.09	0.762	0.321	3.1									75.0	37846605.0
23.12.2020	1226883.0	12358.0	26255.0	472.0	0.89	33225.0	6735480.0	177.968	0.878	0.333	3.0									75.0	37846605.0
24.12.2020	1239998.0	13115.0	26752.0	497.0	0.88	35840.0	6771320.0	178.915	0.947	0.34	2.9									75.0	37846605.0
25.12.2020	1249079.0	9081.0	26992.0	240.0	0.86	20435.0	6791755.0	179.455	0.54	0.352	2.8									75.0	37846605.0
26.12.2020	1253957.0	4878.0	27061.0	69.0	0.84	14066.0	6805821.0	179.826	0.372	0.346	2.9									75.0	37846605.0
27.12.2020	1257799.0	3842.0	27118.0	57.0	0.86	12454.0	6818275.0	180.156	0.329	0.336	3.0									75.0	37846605.0
28.12.2020	1261010.0	3211.0	27147.0	29.0	0.91	15996.0	6834271.0	180.578	0.423	0.334	3.0	2000.0	2000.0				0.01	0.01		75.0	37846605.0
29.12.2020	1268634.0	7624.0	27454.0	307.0	0.97	33110.0	6867381.0	181.453	0.875	0.328	3.1	6300.0	6300.0		4300.0	4300.0	0.02	0.02		75.0	37846605.0
30.12.2020	1281414.0	12780.0	28019.0	565.0	1.01	35069.0	6902450.0	182.38	0.927	0.327	3.1	36300.0	36300.0		30000.0	17150.0	0.1	0.1		75.0	37846605.0
31.12.2020	1294878.0	13464.0	28554.0	535.0	1.02	39052.0	6941502.0	183.411	1.032	0.322	3.1	47600.0	47600.0		11300.0	15200.0	0.13	0.13		80.56	37846605.0
01.01.2021	1305774.0	10896.0	28956.0	402.0	1.02	46724.0	6988226.0	184.646	1.235	0.289	3.5					11749.0				80.56	37846605.0
02.01.2021	1312780.0	7006.0	29058.0	102.0	0.99	27604.0	7015830.0	185.375	0.729	0.28	3.6	50391.0	50391.0			9678.0	0.13	0.13		75.0	37846605.0
03.01.2021	1318562.0	5782.0	29119.0	61.0	0.99	29618.0	7045448.0	186.158	0.783	0.267	3.7	50833.0	50833.0		442.0	8139.0	0.13	0.13		75.0	37846605.0
04.01.2021	1322947.0	4385.0	29161.0	42.0	1.01	25436.0	7070884.0	186.83	0.672	0.262	3.8	92220.0	92220.0		41387.0	12889.0	0.24	0.24		75.0	37846605.0
05.01.2021	1330543.0	7596.0	29502.0	341.0	1.04	48466.0	7119350.0	188.111	1.281	0.246	4.1	140226.0	140226.0		48006.0	19132.0	0.37	0.37		75.0	37846605.0
06.01.2021	1344763.0	14220.0	30055.0	553.0	1.05	51758.0	7171108.0	189.478	1.368	0.236	4.2	160359.0	160359.0		20133.0	17723.0	0.42	0.42		75.0	37846605.0
07.01.2021	1356882.0	12119.0	30241.0	186.0	1.04	56757.0	7227865.0	190.978	1.5	0.217	4.6	188956.0	188956.0		28597.0	20194.0	0.5	0.5		75.0	37846605.0
08.01.2021	1365645.0	8763.0	30574.0	333.0	1.02	50177.0	7278042.0	192.304	1.326	0.207	4.8	198787.0	198787.0		9831.0	21399.0	0.53	0.53		75.0	37846605.0
09.01.2021	1376389.0	10744.0	31011.0	437.0	1.01	58371.0	7336413.0	193.846	1.542	0.198	5.0	200022.0	200022.0		1235.0	21376.0	0.53	0.53		75.0	37846605.0
10.01.2021	1385522.0	9133.0	31189.0	178.0	0.99	43731.0	7380144.0	195.001	1.155	0.2	5.0	203053.0	203053.0		3031.0	21746.0	0.54	0.54		75.0	37846605.0
11.01.2021	1390385.0	4863.0	31264.0	75.0	0.95	15235.0	7395379.0	195.404	0.403	0.208	4.8	257834.0	257834.0		54781.0	23659.0	0.68	0.68		75.0	37846605.0
12.01.2021	1395779.0	5394.0	31593.0	329.0	0.9	49493.0	7444872.0	196.712	1.308	0.2	5.0	309620.0	309620.0		51786.0	24199.0	0.82	0.82		75.0	37846605.0
13.01.2021	1404905.0	9126.0	32074.0	481.0	0.87	73373.0	7518245.0	198.65	1.939	0.173	5.8	369212.0	369212.0		59592.0	29836.0	0.98	0.98		75.0	37846605.0
14.01.2021	1414362.0	9457.0	32456.0	382.0	0.86	78790.0	7597035.0	200.732	2.082	0.156	6.4	410480.0	410480.0		41268.0	31646.0	1.08	1.08		75.0	37846605.0
15.01.2021	1422320.0	7958.0	32844.0	388.0	0.85	72634.0	7669669.0	202.651	1.919	0.145	6.9	436963.0	436963.0		26483.0	34025.0	1.15	1.15		75.0	37846605.0
16.01.2021	1429612.0	7292.0	33213.0	369.0	0.85	68554.0	7738223.0	204.463	1.811	0.132	7.5	457303.0	457303.0		20340.0	36754.0	1.21	1.21		75.0	37846605.0
17.01.2021	1435582.0	5970.0	33355.0	142.0	0.84	54755.0	7792978.0	205.91	1.447	0.121	8.2	469466.0	468795.0	671.0	12163.0	38059.0	1.24	1.24	0.0	75.0	37846605.0
18.01.2021	1438914.0	3332.0	33407.0	52.0	0.83	24844.0	7817822.0	206.566	0.656	0.115	8.7	495164.0	491696.0	3468.0	25698.0	33904.0	1.31	1.3	0.01	71.3	37846605.0
19.01.2021	1443804.0	4890.0	33698.0	291.0	0.82	47570.0	7865392.0	207.823	1.257	0.114	8.8	541229.0	530055.0	11174.0	46065.0	33087.0	1.43	1.4	0.03	71.3	37846605.0
20.01.2021	1450747.0	6943.0	34141.0	443.0	0.81	47857.0	7913249.0	209.087	1.264	0.116	8.6	591785.0	566793.0	24992.0	50556.0	31796.0	1.56	1.5	0.07	71.3	37846605.0
21.01.2021	1457755.0	7008.0	34561.0	420.0	0.81	46671.0	7959920.0	210.321	1.233	0.12	8.4	644999.0	605313.0	39686.0	53214.0	33503.0	1.7	1.6	0.1	71.3	37846605.0
22.01.2021	1464448.0	6693.0	34908.0	347.0	0.83	44455.0	8004375.0	211.495	1.175	0.126	7.9	684277.0	638798.0	45479.0	39278.0	35331.0	1.81	1.69	0.12	71.3	37846605.0
23.01.2021	1470879.0	6431.0	35253.0	345.0	0.84	43971.0	8048346.0	212.657	1.162	0.133	7.5	701164.0	654184.0	46980.0	16887.0	34837.0	1.85	1.73	0.12	71.3	37846605.0
24.01.2021	1475445.0	4566.0	35363.0	110.0	0.86	30745.0	8079091.0	213.469	0.812	0.139	7.2	707474.0	659753.0	47721.0	6310.0	34001.0	1.87	1.74	0.13	71.3	37846605.0
25.01.2021	1478119.0	2674.0	35401.0	38.0	0.87	19736.0	8098827.0	213.991	0.521	0.14	7.2	776987.0	701222.0	75765.0	69513.0	40260.0	2.05	1.85	0.2	71.3	37846605.0
26.01.2021	1482722.0	4603.0	35665.0	264.0	0.88	42046.0	8140873.0	215.102	1.111	0.141	7.1	905457.0	782413.0	123044.0	128470.0	52033.0	2.39	2.07	0.33	71.3	37846605.0
27.01.2021	1489512.0	6790.0	36054.0	389.0	0.88	46671.0	8187544.0	216.335	1.233	0.141	7.1	1008253.0	858474.0	149779.0	102796.0	59495.0	2.66	2.27	0.4	71.3	37846605.0
28.01.2021	1496665.0	7153.0	36443.0	389.0	0.89	46873.0	8234417.0	217.573	1.238	0.142	7.1	1097036.0	917908.0	179128.0	88783.0	64577.0	2.9	2.43	0.47	71.3	37846605.0
29.01.2021	1502810.0	6145.0	36780.0	337.0	0.9	327863.0	8562280.0	226.236	8.663	0.069	14.5	1141081.0	945600.0	195481.0	44045.0	65258.0	3.02	2.5	0.52	71.3	37846605.0
30.01.2021	1508674.0	5864.0	37082.0	302.0	0.91	-239172.0	8323108.0	219.917	-6.32	0.138	7.3	1156931.0	958453.0	198478.0	15850.0	65110.0	3.06	2.53	0.52	71.3	37846605.0
31.01.2021	1513385.0	4711.0	37180.0	98.0	0.92	32020.0	8355128.0	220.763	0.846	0.137	7.3	1176904.0	976367.0	200537.0	19973.0	67061.0	3.11	2.58	0.53	71.3	37846605.0
01.02.2021	1515889.0	2504.0	37222.0	42.0	0.93	21372.0	8376500.0	221.328	0.565	0.136	7.4	1231716.0	998587.0	233129.0	54812.0	64961.0	3.25	2.64	0.62	71.3	37846605.0
02.02.2021	1520215.0	4326.0	37476.0	254.0	0.94	41614.0	8418114.0	222.427	1.1	0.135	7.4	1342435.0	1053245.0	289190.0	110719.0	62425.0	3.55	2.78	0.76	71.3	37846605.0
03.02.2021	1527016.0	6801.0	37897.0	421.0	0.94	46604.0	8464718.0	223.659	1.231	0.135	7.4	1461578.0	1117146.0	344432.0	119143.0	64761.0	3.86	2.95	0.91	71.3	37846605.0
04.02.2021	1533511.0	6495.0	38344.0	447.0	0.94	43574.0	8508292.0	224.81	1.151	0.135	7.4	1566604.0	1171229.0	395375.0	105026.0	67081.0	4.14	3.09	1.04	71.3	37846605.0
05.02.2021	1539564.0	6053.0	38712.0	368.0	0.96	41198.0	8549490.0	225.898	1.089			1617764.0	1193034.0	424730.0	51160.0	68098.0	4.27	3.15	1.12	71.3	37846605.0
06.02.2021	1545530.0	5966.0	38994.0	282.0	0.97	43656.0	8593146.0	227.052	1.153	0.136	7.3	1641158.0	1200793.0	440365.0	23394.0	69175.0	4.34	3.17	1.16	71.3	37846605.0
07.02.2021	1550255.0	4725.0	39087.0	93.0	0.98	31005.0	8624151.0	227.871	0.819	0.137	7.3	1656708.0	1206212.0	450496.0	15550.0	68543.0	4.38	3.19	1.19	71.3	37846605.0
08.02.2021	1552686.0	2431.0	39132.0	45.0	0.99	20821.0	8644972.0	228.421	0.55	0.137	7.3					69071.0				71.3	37846605.0
09.02.2021	1556685.0	3999.0	39360.0	228.0	1.0	42957.0	8687929.0	229.556	1.135	0.135	7.4	1773715.0	1291569.0	482146.0		61611.0	4.69	3.41	1.27	71.3	37846605.0
10.02.2021	1563645.0	6960.0	39721.0	361.0	1.02	51599.0	8739528.0	230.92	1.363	0.133	7.5					60307.0				71.3	37846605.0
11.02.2021	1570658.0	7013.0	40177.0	456.0	1.03	51196.0	8790724.0	232.272	1.353	0.132	7.6	1993739.0	1413132.0	580607.0		61019.0	5.27	3.73	1.53	71.3	37846605.0
12.02.2021	1577036.0	6378.0	40424.0	247.0	1.05	48248.0	8838972.0	233.547	1.275	0.129	7.7	2071009.0	1446102.0	624907.0	77270.0	64749.0	5.47	3.82	1.65	71.3	37846605.0
13.02.2021	1583621.0	6585.0	40709.0	285.0	1.07	48994.0	8887966.0	234.842	1.295	0.129	7.7	2107089.0	1466439.0	640650.0	36080.0	66562.0	5.57	3.87	1.69	71.3	37846605.0
14.02.2021	1588955.0	5334.0	40807.0	98.0	1.1	34130.0	8922096.0	235.744	0.902	0.13	7.7	2122245.0	1476274.0	645971.0	15156.0	66505.0	5.61	3.9	1.71	71.3	37846605.0
15.02.2021	1591497.0	2542.0	40832.0	25.0	1.12	22360.0	8944456.0	236.334	0.591	0.13	7.7	2159146.0	1500911.0	658235.0	36901.0	63419.0	5.7	3.97	1.74	71.3	37846605.0
16.02.2021	1596673.0	5176.0	41028.0	196.0	1.16	45741.0	8990197.0	237.543	1.209	0.132	7.6	2230117.0	1538737.0	691380.0	70971.0	65200.0	5.89	4.07	1.83	71.3	37846605.0
17.02.2021	1605372.0	8699.0	41308.0	280.0	1.18	54268.0	9044465.0	238.977	1.434	0.137	7.3	2384794.0	1610734.0	774060.0	154677.0	71581.0	6.3	4.26	2.05	71.3	37846605.0
18.02.2021	1614446.0	9074.0	41582.0	274.0	1.2	53559.0	9098024.0	240.392	1.415	0.142	7.0	2556999.0	1691115.0	865884.0	172205.0	80466.0	6.76	4.47	2.29	71.3	37846605.0
19.02.2021	1623218.0	8772.0	41823.0	241.0	1.21	49069.0	9147093.0	241.689	1.297	0.15	6.7	2660776.0	1743841.0	916935.0	103777.0	84252.0	7.03	4.61	2.42	71.3	37846605.0
20.02.2021	1631727.0	8509.0	42077.0	254.0	1.22	50035.0	9197128.0	243.011	1.322	0.156	6.4	2697815.0	1772133.0	925682.0	37039.0	84389.0	7.13	4.68	2.45	71.3	37846605.0
21.02.2021	1638767.0	7040.0	42171.0	94.0	1.23	37055.0	9234183.0	243.99	0.979	0.16	6.3	2715159.0	1785194.0	929965.0	17344.0	84702.0	7.17	4.72	2.46	71.3	37846605.0
22.02.2021	1642658.0	3891.0	42188.0	17.0	1.24	24708.0	9258891.0	244.643	0.653	0.163	6.1	2759436.0	1824654.0	934782.0	44277.0	85756.0	7.29	4.82	2.47	71.3	37846605.0
23.02.2021	1648962.0	6304.0	42436.0	248.0	1.26	41508.0	9300399.0	245.739	1.097	0.169	5.9					92135.0				71.3	37846605.0
24.02.2021	1661109.0	12147.0	42808.0	372.0	1.28	61168.0	9361567.0	247.356	1.616	0.176	5.7	2990683.0	1959165.0	1031518.0		86556.0	7.9	5.18	2.73	71.3	37846605.0
25.02.2021	1673252.0	12143.0	43094.0	286.0	1.29	56873.0	9418440.0	248.858	1.503	0.184	5.4					81893.0				71.3	37846605.0
26.02.2021	1684788.0	11536.0	43353.0	259.0	1.28	52768.0	9471208.0	250.253	1.394	0.19	5.3	3269812.0	2101754.0	1168058.0		87005.0	8.64	5.55	3.09	71.3	37846605.0
27.02.2021	1696885.0	12097.0	43656.0	303.0	1.28	56445.0	9527653.0	251.744	1.491	0.197	5.1					86467.0				73.15	37846605.0
28.02.2021	1706986.0	10101.0	43769.0	113.0	1.28	43518.0	9571171.0	252.894	1.15	0.202	4.9	3336354.0	2149607.0	1186747.0		88742.0	8.82	5.68	3.14	73.15	37846605.0
01.03.2021	1711772.0	4786.0	43793.0	24.0	1.27	26496.0	9597667.0	253.594	0.7	0.204	4.9	3383426.0	2190526.0	1192900.0	47072.0	89141.0	8.94	5.79	3.15	73.15	37846605.0
02.03.2021	1719708.0	7936.0	44008.0	215.0	1.28	49511.0	9647178.0	254.902	1.308	0.204	4.9					89473.0				73.15	37846605.0
03.03.2021	1735406.0	15698.0	44360.0	352.0	1.28	62059.0	9709237.0	256.542	1.64	0.214	4.7	3619316.0	2338137.0	1281179.0		89805.0	9.56	6.18	3.39	73.15	37846605.0
04.03.2021	1750659.0	15253.0	44649.0	289.0	1.28	62381.0	9771618.0	258.19	1.648	0.219	4.6	3791577.0	2424929.0	1366648.0	172261.0	94476.0	10.02	6.41	3.61	73.15	37846605.0
05.03.2021	1766490.0	15831.0	44912.0	263.0	1.28	58606.0	9830224.0	259.739	1.549	0.228	4.4					85933.0				70.37	37846605.0
06.03.2021	1781345.0	14855.0	45159.0	247.0	1.27	61859.0	9892083.0	261.373	1.634	0.232	4.3	3951104.0	2526389.0	1424715.0		92574.0	10.44	6.68	3.76	70.37	37846605.0
07.03.2021	1794914.0	13569.0	45285.0	126.0	1.26	49690.0	9941773.0	262.686	1.313	0.237	4.2					91652.0				70.37	37846605.0
08.03.2021	1801083.0	6169.0	45317.0	32.0	1.26	31220.0	9972993.0	263.511	0.825	0.238	4.2	4004734.0	2570094.0	1434640.0		88758.0	10.58	6.79	3.79	70.37	37846605.0
09.03.2021	1811036.0	9953.0	45599.0	282.0	1.26	53393.0	10026386.0	264.922	1.411	0.241	4.2	4086863.0	2641693.0	1445170.0	82129.0	83642.0	10.8	6.98	3.82	70.37	37846605.0
10.03.2021	1828313.0	17277.0	45997.0	398.0	1.27	67762.0	10094148.0	266.712	1.79	0.241	4.1					88535.0				70.37	37846605.0
11.03.2021	1849424.0	21111.0	46373.0	376.0	1.28	72729.0	10166877.0	268.634	1.922	0.25	4.0	4391256.0	2835856.0	1555400.0		85668.0	11.6	7.49	4.11	70.37	37846605.0
12.03.2021	1868297.0	18873.0	46724.0	351.0	1.29	65330.0	10232207.0	270.36	1.726	0.253	3.9	4487273.0	2891753.0	1595520.0	96017.0	87990.0	11.86	7.64	4.22	70.37	37846605.0
13.03.2021	1889360.0	21063.0	47068.0	344.0	1.3	72704.0	10304911.0	272.281	1.921	0.262	3.8	4517537.0	2914792.0	1602745.0	30264.0	80919.0	11.94	7.7	4.23	70.37	37846605.0
14.03.2021	1906632.0	17272.0	47178.0	110.0	1.3	59396.0	10364307.0	273.85	1.569	0.264	3.8	4530783.0	2924629.0	1606154.0	13246.0	78981.0	11.97	7.73	4.24	70.37	37846605.0
15.03.2021	1917527.0	10895.0	47206.0	28.0	1.3	42052.0	10406359.0	274.961	1.111	0.269	3.7	4557060.0	2946767.0	1610293.0	26277.0	78904.0	12.04	7.79	4.25	70.37	37846605.0
16.03.2021	1931921.0	14394.0	47578.0	372.0	1.3	63245.0	10469604.0	276.633	1.671	0.273	3.7	4605929.0	2984642.0	1621287.0	48869.0	74152.0	12.17	7.89	4.28	70.37	37846605.0
17.03.2021	1956974.0	25053.0	48032.0	454.0	1.3	84156.0	10553760.0	278.856	2.224	0.28	3.6	4738902.0	3074378.0	1664524.0	132973.0	71406.0	12.52	8.12	4.4	70.37	37846605.0
18.03.2021	1984248.0	27274.0	48388.0	356.0	1.29	85645.0	10639405.0	281.119	2.263	0.285	3.5	4893320.0	3162971.0	1730349.0	154418.0	71723.0	12.93	8.36	4.57	70.37	37846605.0
19.03.2021	2010244.0	25996.0	48807.0	419.0	1.28	85408.0	10724813.0	283.376	2.257	0.288	3.5	4983494.0	3213724.0	1769770.0	90174.0	70889.0	13.17	8.49	4.68	70.37	37846605.0
20.03.2021	2036700.0	26456.0	49159.0	352.0	1.27	86921.0	10811734.0	285.672	2.297	0.291	3.4	5014167.0	3233998.0	1780169.0	30673.0	70947.0	13.25	8.55	4.7	72.22	37846605.0
21.03.2021	2058550.0	21850.0	49300.0	141.0	1.26	62407.0	10874141.0	287.321	1.649	0.298	3.4	5026182.0	3242462.0	1783720.0	12015.0	70771.0	13.28	8.57	4.71	72.22	37846605.0
22.03.2021	2073129.0	14579.0	49365.0	65.0	1.26	48491.0	10922632.0	288.603	1.281	0.301	3.3	5077928.0	3289482.0	1788446.0	51746.0	74410.0	13.42	8.69	4.73	72.22	37846605.0
23.03.2021	2089869.0	16740.0	49761.0	396.0	1.25	71088.0	10993720.0	290.481	1.878	0.301	3.3	5193835.0	3385827.0	1808008.0	115907.0	83987.0	13.72	8.95	4.78	72.22	37846605.0
24.03.2021	2120671.0	30802.0	50340.0	579.0	1.25	95192.0	11088912.0	292.996	2.515	0.306	3.3	5381726.0	3524209.0	1857517.0	187891.0	91832.0	14.22	9.31	4.91	72.22	37846605.0
25.03.2021	2154821.0	34150.0	50860.0	520.0	1.25	102073.0	11190985.0	295.693	2.697	0.309	3.2					96474.0				72.22	37846605.0
26.03.2021	2189966.0	35145.0	51305.0	445.0	1.23	106617.0	11297602.0	298.51	2.817	0.314	3.2	5755551.0	3785646.0	1969905.0		110294.0	15.21	10.0	5.2	72.22	37846605.0
27.03.2021	2221725.0	31759.0	51753.0	448.0	1.21	100299.0	11397901.0	301.16	2.65	0.316	3.2					114986.0				75.93	37846605.0
28.03.2021	2250991.0	29266.0	51884.0	131.0	1.18	86011.0	11483912.0	303.433	2.273	0.316	3.2	5882581.0	3889970.0	1992611.0		122343.0	15.54	10.28	5.26	75.93	37846605.0
29.03.2021	2267964.0	16973.0	51932.0	48.0	1.15	54336.0	11538248.0	304.869	1.436	0.316	3.2					129182.0				75.93	37846605.0
30.03.2021	2288826.0	20862.0	52392.0	460.0	1.12	79315.0	11617563.0	306.964	2.096	0.319	3.1	6081824.0	4062784.0	2019040.0		126856.0	16.07	10.73	5.33	75.93	37846605.0
31.03.2021	2321717.0	32891.0	53045.0	653.0	1.08	102124.0	11719687.0	309.663	2.698	0.319	3.1	6270976.0	4231313.0	2039663.0	189152.0	127036.0	16.57	11.18	5.39	75.93	37846605.0
01.04.2021	2356970.0	35253.0	53665.0	620.0	1.03	108741.0	11828428.0	312.536	2.873	0.317	3.2	6462769.0	4404565.0	2058204.0	191793.0	127733.0	17.08	11.64	5.44	75.93	37846605.0
02.04.2021	2387511.0	30541.0	54165.0	500.0	0.98	100323.0	11928751.0	315.187	2.651	0.313	3.2	6614819.0	4544816.0	2070003.0	152050.0	122753.0	17.48	12.01	5.47	75.93	37846605.0
03.04.2021	2415584.0	28073.0	54737.0	572.0	0.95	93663.0	12022414.0	317.662	2.475	0.31	3.2					116828.0				75.93	37846605.0
04.04.2021	2438542.0	22958.0	54941.0	204.0	0.91	71729.0	12094143.0	319.557	1.895	0.307	3.3	6658909.0	4585575.0	2073334.0		110904.0	17.59	12.12	5.48	75.93	37846605.0
05.04.2021	2448463.0	9921.0	55005.0	64.0	0.87	39054.0	12133197.0	320.589	1.032	0.303	3.3	6665384.0	4591351.0	2074033.0	6475.0	97597.0	17.61	12.13	5.48	75.93	37846605.0
06.04.2021	2456709.0	8246.0	55065.0	60.0	0.85	44443.0	12177640.0	321.763	1.174	0.3	3.3					107242.0				75.93	37846605.0
07.04.2021	2471617.0	14908.0	55703.0	638.0	0.84	89372.0	12267012.0	324.125	2.361	0.274	3.7	6999652.0	4909594.0	2090058.0		104097.0	18.49	12.97	5.52	75.93	37846605.0
08.04.2021	2499507.0	27890.0	56659.0	956.0	0.88	110625.0	12377637.0	327.047	2.923	0.26	3.9	7263426.0	5167241.0	2096185.0	263774.0	114380.0	19.19	13.65	5.54	75.93	37846605.0
09.04.2021	2528006.0	28499.0	57427.0	768.0	0.91	106259.0	12483896.0	329.855	2.808	0.253	4.0					119218.0				75.93	37846605.0
10.04.2021	2552898.0	24892.0	58176.0	749.0	0.91	104122.0	12588018.0	332.606	2.751	0.243	4.1	7635264.0	5529714.0	2105550.0		142629.0	20.17	14.61	5.56	75.93	37846605.0
11.04.2021	2574631.0	21733.0	58421.0	245.0	0.91	91067.0	12679085.0	335.012	2.406	0.233	4.3	7687617.0	5581068.0	2106549.0	52353.0	146958.0	20.31	14.75	5.57	75.93	37846605.0
12.04.2021	2586647.0	12016.0	58481.0	60.0	0.89	57896.0	12736981.0	336.542	1.53	0.229	4.4	7784384.0	5670769.0	2113615.0	96767.0	159857.0	20.57	14.98	5.58	75.93	37846605.0
13.04.2021	2599850.0	13203.0	59126.0	645.0	0.86	80951.0	12817932.0	338.681	2.139	0.224	4.5	7970164.0	5832860.0	2137304.0	185780.0	162521.0	21.06	15.41	5.65	75.93	37846605.0
14.04.2021	2621116.0	21266.0	59930.0	804.0	0.83	98064.0	12915996.0	341.272	2.591	0.23	4.3					175405.0				75.93	37846605.0
15.04.2021	2642242.0	21126.0	60612.0	682.0	0.79	90471.0	13006467.0	343.663	2.39	0.227	4.4	8484815.0	6236689.0	2248126.0		174484.0	22.42	16.48	5.94	75.93	37846605.0
16.04.2021	2660088.0	17846.0	61208.0	596.0	0.77	82250.0	13088717.0	345.836	2.173	0.218	4.6					166557.0				75.93	37846605.0
17.04.2021	2675874.0	15786.0	61825.0	617.0	0.75	83884.0	13172601.0	348.052	2.216	0.21	4.8					158630.0				75.93	37846605.0
18.04.2021	2688025.0	12151.0	62032.0	207.0	0.73	64865.0	13237466.0	349.766	1.714	0.203	4.9					169784.0				75.93	37846605.0
19.04.2021	2695327.0	7302.0	62133.0	101.0	0.72	47281.0	13284747.0	351.016	1.249	0.198	5.0	9006539.0	6699255.0	2307284.0		174594.0	23.8	17.7	6.1	72.22	37846605.0
20.04.2021	2704571.0	9244.0	62734.0	601.0	0.71	69704.0	13354451.0	352.857	1.842	0.195	5.1	9210419.0	6868703.0	2341716.0	203880.0	177179.0	24.34	18.15	6.19	72.22	37846605.0
21.04.2021	2718493.0	13922.0	63473.0	739.0	0.68	77631.0	13432082.0	354.909	2.051	0.189	5.3	9495317.0	7079324.0	2415993.0	284898.0	181118.0	25.09	18.71	6.38	72.22	37846605.0
22.04.2021	2731256.0	12763.0	64168.0	695.0	0.65	71228.0	13503310.0	356.791	1.882	0.179	5.6	9806966.0	7311128.0	2495838.0	311649.0	188879.0	25.91	19.32	6.59	72.22	37846605.0
23.04.2021	2742122.0	10866.0	64707.0	539.0	0.64	61993.0	13565303.0	358.429	1.638	0.172	5.8	10069710.0	7526598.0	2543112.0	262744.0	207781.0	26.61	19.89	6.72	72.22	37846605.0
24.04.2021	2751632.0	9510.0	65222.0	515.0	0.63	69679.0	13634982.0	360.27	1.841	0.164	6.1					208737.0				72.22	37846605.0
25.04.2021	2758856.0	7224.0	65415.0	193.0	0.62	50307.0	13685289.0	361.599	1.329	0.158	6.3	10343967.0	7765723.0	2578244.0		209694.0	27.33	20.52	6.81	72.22	37846605.0
26.04.2021	2762323.0	3467.0	65437.0	22.0	0.62	33446.0	13718735.0	362.483	0.884	0.154	6.5					219361.0				70.37	37846605.0
27.04.2021	2768034.0	5711.0	65897.0	460.0	0.62	63746.0	13782481.0	364.167	1.684	0.148	6.7	10740169.0	8072900.0	2746824.0		218536.0	28.38	21.33	7.26	70.37	37846605.0
28.04.2021	2776927.0	8893.0	66533.0	636.0	0.62	70878.0	13853359.0	366.04	1.873	0.139	7.2	11081369.0	8229040.0	2852329.0	341200.0	226579.0	29.28	21.74	7.54	70.37	37846605.0
29.04.2021	2785353.0	8426.0	67073.0	540.0	0.61	65120.0	13918479.0	367.76	1.721	0.13	7.7	11470800.0	8597875.0	2872925.0	389431.0	237691.0	30.31	22.72	7.59	70.37	37846605.0
30.04.2021	2792142.0	6789.0	67502.0	429.0	0.6	60364.0	13978843.0	369.355	1.595	0.121	8.3					229174.0				70.37	37846605.0
01.05.2021	2798617.0	6475.0	67924.0	422.0	0.59	62323.0	14041166.0	371.002	1.647	0.116	8.6	11877060.0	8917338.0	2959722.0		238603.0	31.38	23.56	7.82	70.37	37846605.0
02.05.2021	2803233.0	4616.0	68068.0	144.0	0.59	42878.0	14084044.0	372.135	1.133	0.111	9.0					227494.0				70.37	37846605.0
03.05.2021	2805756.0	2523.0	68105.0	37.0	0.59	30535.0	14114579.0	372.942	0.807	0.11	9.1	11995786.0	9018412.0	2977374.0		207674.0	31.7	23.83	7.87	70.37	37846605.0
04.05.2021	2808052.0	2296.0	68133.0	28.0	0.59	30793.0	14145372.0	373.755	0.814	0.11	9.1					223591.0				68.52	37846605.0
05.05.2021	2811951.0	3899.0	68482.0	349.0	0.61	55450.0	14200822.0	375.22	1.465	0.101	9.9	12614827.0	9454765.0	3308889.0		219065.0	33.33	24.98	8.74	68.52	37846605.0
06.05.2021	2818378.0	6427.0	68993.0	511.0	0.64	65888.0	14266710.0	376.961	1.741	0.095	10.5	13034348.0	9735602.0	3451651.0	419521.0	223364.0	34.44	25.72	9.12	68.52	37846605.0
07.05.2021	2824425.0	6047.0	69445.0	452.0	0.66	64853.0	14331563.0	378.675	1.714	0.092	10.9	13409463.0	9987919.0	3579910.0	375115.0	247933.0	35.43	26.39	9.46	68.52	37846605.0
08.05.2021	2829196.0	4771.0	69866.0	421.0	0.66	62806.0	14394369.0	380.334	1.659	0.087	11.6	13670541.0	10185393.0	3650119.0	261078.0	256212.0	36.12	26.91	9.64	65.74	37846605.0
09.05.2021	2833052.0	3856.0	70012.0	146.0	0.66	51283.0	14445652.0	381.69	1.355	0.082	12.1	13764238.0	10260941.0	3671671.0	93697.0	261116.0	36.37	27.11	9.7	65.74	37846605.0
10.05.2021	2835083.0	2031.0	70034.0	22.0	0.66	36594.0	14482246.0	382.656	0.967	0.08	12.5	13957627.0	10400987.0	3728697.0	193389.0	280263.0	36.88	27.48	9.85	65.74	37846605.0
11.05.2021	2838180.0	3097.0	70336.0	302.0	0.65	61895.0	14544141.0	384.292	1.635	0.076	13.2	14274291.0	10609955.0	3839390.0	316664.0	281284.0	37.72	28.03	10.14	65.74	37846605.0
12.05.2021	2842339.0	4159.0	70679.0	343.0	0.63	65388.0	14609529.0	386.02	1.728	0.074	13.4					299243.0				65.74	37846605.0
13.05.2021	2845762.0	3423.0	71021.0	342.0	0.61	56708.0	14666237.0	387.518	1.498	0.069	14.6	15144771.0	11112068.0	4241956.0		301489.0	40.02	29.36	11.21	65.74	37846605.0
14.05.2021	2849014.0	3252.0	71311.0	290.0	0.6	60191.0	14726428.0	389.108	1.59	0.062	16.1	15509013.0	11329356.0	4415044.0	364242.0	299936.0	40.98	29.93	11.67	65.74	37846605.0
15.05.2021	2851911.0	2897.0	71609.0	298.0	0.59	56353.0	14782781.0	390.597	1.489	0.058	17.1	15776030.0	11490114.0	4535597.0	267017.0	300784.0	41.68	30.36	11.98	62.04	37846605.0
16.05.2021	2854079.0	2168.0	71664.0	55.0	0.58	48203.0	14830984.0	391.871	1.274	0.055	18.3	15879467.0	11556822.0	4577701.0	103437.0	302176.0	41.96	30.54	12.1	62.04	37846605.0
17.05.2021	2855190.0	1111.0	71675.0	11.0	0.57	32722.0	14863706.0	392.736	0.865	0.053	19.0	16043547.0	11664606.0	4642010.0	164080.0	297989.0	42.39	30.82	12.27	62.04	37846605.0
18.05.2021	2856924.0	1734.0	71920.0	245.0	0.56	57299.0	14921005.0	394.249	1.514	0.05	20.1	16372436.0	11868779.0	4794334.0	328889.0	299735.0	43.26	31.36	12.67	62.04	37846605.0
19.05.2021	2859261.0	2337.0	72250.0	330.0	0.55	57707.0	14978712.0	395.774	1.525	0.046	21.8					300591.0				62.04	37846605.0
20.05.2021	2861351.0	2090.0	72500.0	250.0	0.53	54911.0	15033623.0	397.225	1.451	0.042	23.6	17254902.0	12369238.0	5222430.0		301447.0	45.59	32.68	13.8	62.04	37846605.0
21.05.2021	2863031.0	1680.0	72691.0	191.0	0.52	56614.0	15090237.0	398.721	1.496	0.039	26.0	17620338.0	12577946.0	5410599.0	365436.0	301618.0	46.56	33.23	14.3	62.04	37846605.0
22.05.2021	2864546.0	1515.0	72882.0	191.0	0.51	57582.0	15147819.0	400.242	1.521	0.035	28.9	17866586.0	12710402.0	5553678.0	246248.0	298651.0	47.21	33.58	14.67	62.04	37846605.0
23.05.2021	2865622.0	1076.0	72928.0	46.0	0.51	41666.0	15189485.0	401.343	1.101	0.032	31.1	17941112.0	12748812.0	5597165.0	74526.0	294521.0	47.4	33.69	14.79	62.04	37846605.0
24.05.2021	2866181.0	559.0	72945.0	17.0	0.51	32949.0	15222434.0	402.214	0.871	0.031	32.6	18085811.0	12814730.0	5689744.0	144699.0	291752.0	47.79	33.86	15.03	62.04	37846605.0
25.05.2021	2867187.0	1006.0	73096.0	151.0	0.5	60566.0	15283000.0	403.814	1.6	0.028	35.3	18389807.0	12960092.0	5855700.0	303996.0	288196.0	48.59	34.24	15.47	62.04	37846605.0
26.05.2021	2868450.0	1263.0	73305.0	209.0	0.5	57290.0	15340290.0	405.328	1.514	0.025	39.3	18785240.0	13145222.0	6071067.0	395433.0	281653.0	49.64	34.73	16.04	62.04	37846605.0
27.05.2021	2869652.0	1202.0	73440.0	135.0	0.49	63364.0	15403654.0	407.002	1.674	0.022	44.6	19175171.0	13302965.0	6308403.0	389931.0	274324.0	50.67	35.15	16.67	62.04	37846605.0
28.05.2021	2870595.0	943.0	73557.0	117.0	0.48	54986.0	15458640.0	408.455	1.453	0.021	48.7	19525032.0	13451439.0	6562897.0	349861.0	272099.0	51.59	35.54	17.34		37846605.0
29.05.2021	2871371.0	776.0	73682.0	125.0	0.48	60762.0	15519402.0	410.061	1.605	0.018	54.4	19807955.0	13580235.0	6786561.0	282923.0	277338.0	52.34	35.88	17.93		37846605.0
30.05.2021	2871950.0	579.0	73738.0	56.0	0.48	44541.0	15563943.0	411.237	1.177	0.017	59.2	19909052.0	13633827.0	6868820.0	101097.0	281134.0	52.6	36.02	18.15		37846605.0
31.05.2021	2872283.0	333.0	73745.0	7.0	0.49	32035.0	15595978.0	412.084	0.846	0.016	61.2	20084619.0	13707350.0	7019149.0	175567.0	285544.0	53.07	36.22	18.55		37846605.0
01.06.2021	2872868.0	585.0	73856.0	111.0	0.49	58921.0	15654899.0	413.641	1.557	0.015	65.5	20536042.0	13896798.0	7300303.0	451423.0	306605.0	54.26	36.72	19.29		37846605.0
02.06.2021	2873527.0	659.0	73984.0	128.0		56350.0	15711249.0	415.13	1.489	0.014	73.1	21174546.0	14145161.0	7700322.0	638504.0	341329.0	55.95	37.37	20.35		37846605.0
03.06.2021	2874092.0	565.0	74075.0	91.0		54545.0	15765794.0	416.571	1.441	0.012	81.6	21326996.0	14224874.0	7777048.0	152450.0	307404.0	56.35	37.59	20.55		37846605.0
